listing_id,high,medium,low
7142618,0.110240425172,0.496640300286,0.393119274542
7210040,0.304760061825,0.289172378844,0.406067559332
7103890,0.0201328389498,0.119255679969,0.860611481081
7143442,0.0242569372632,0.261423695155,0.714319367582
6860601,0.0206109058927,0.126881051127,0.852508042981
6840081,0.0026223547617,0.0381777695428,0.959199875695
6922337,0.102110059745,0.39702253537,0.500867404885
6913616,0.0803549752799,0.580477875926,0.339167148794
6937820,0.0675718785535,0.290278070512,0.642150050935
6893933,0.0295722028844,0.230772527088,0.739655270028
6832604,0.00451862570544,0.0156493188665,0.979832055428
6915282,0.155833365249,0.48811568246,0.35605095229
7127565,0.00635693223608,0.0879258101483,0.905717257616
6827899,0.0110628721375,0.142930483913,0.846006643949
6934855,0.0034896958934,0.0294907349313,0.967019569175
6861826,0.0174805610302,0.179505284727,0.803014154242
6871643,0.0770693754321,0.308548934012,0.614381690556
6842542,0.000422998025044,0.0124196475417,0.987157354433
6934145,0.0090352245301,0.0940998140832,0.896864961387
6829365,0.26370283445,0.434902418182,0.301394747368
7167858,0.086032784694,0.210741714558,0.703225500748
6859483,0.0395578610542,0.464633837249,0.495808301697
6861377,0.0906348308251,0.288040771565,0.62132439761
6848960,0.117361424937,0.323806360539,0.558832214524
6918850,0.0360575456409,0.240158382511,0.723784071848
6916867,0.11439487467,0.446763245532,0.438841879798
6895840,0.0288687142406,0.108068966811,0.863062318948
6813539,0.851458920588,0.112882036639,0.0356590427727
7116900,0.0111216324963,0.445242440637,0.543635926867
6890328,0.220837061854,0.152046612456,0.62711632569
6879406,0.0838692131695,0.128892061972,0.787238724859
6824924,0.125502914028,0.315433421352,0.55906366462
6911302,0.17130565252,0.136501136998,0.692193210481
6918742,0.113942830052,0.641427204827,0.244629965121
6910586,0.0152385325653,0.111885849754,0.872875617681
6821750,0.00539264931479,0.0607375296234,0.933869821062
6860647,0.0742105872923,0.345865657861,0.579923754847
6932873,0.0969379442338,0.502923071122,0.400138984644
6846053,0.0234571489286,0.110010503591,0.866532347481
6940365,0.0252735033746,0.268872497636,0.705853998989
6931867,0.0118869652035,0.177503633827,0.810609400969
6876383,0.0613703016453,0.0359074689667,0.902722229388
6910980,0.164127453828,0.377097931916,0.458774614256
6880877,0.23685209014,0.569074482235,0.194073427625
6839552,0.116471364276,0.434682212253,0.448846423471
6838051,0.519259511773,0.402316181551,0.0784243066757
6928201,0.307904825408,0.587049037478,0.105046137114
6945608,0.0346060304154,0.568483656651,0.396910312934
6816147,0.158195333742,0.163427448829,0.67837721743
6868129,0.0811165778345,0.295945761775,0.622937660391
6849448,0.0692743300843,0.218821920584,0.711903749332
7113677,0.232190113806,0.625740464512,0.142069421682
6930856,0.00788417421258,0.104486341407,0.88762948438
6889594,0.207236638833,0.430518848154,0.362244513012
6842682,0.00557561011533,0.0622906132906,0.932133776594
6880366,0.0875843858136,0.418808323061,0.493607291125
6835063,0.00109213174684,0.00909574333971,0.989812124913
6820479,0.172833479275,0.284385322797,0.542781197928
6882057,0.00473158132944,0.175793382849,0.819475035821
6834440,0.024549177534,0.34785446544,0.627596357026
6880846,0.00158704556226,0.00817010787555,0.990242846562
6847248,0.00291192848228,0.0289100313411,0.968178040177
6868368,0.00457518097015,0.0267642151597,0.96866060387
6943505,0.01747214691,0.156010474522,0.826517378568
7174304,0.0736891147167,0.248570878689,0.677740006594
6880747,0.0103778358786,0.202524887607,0.787097276514
6933565,0.0416931123146,0.308048576224,0.650258311462
6888511,0.00291924553283,0.0115530617019,0.985527692765
6942704,0.0672662963749,0.536515705134,0.396217998491
6840304,0.0895771683102,0.33185091567,0.57857191602
6856860,0.00130247003456,0.018464973233,0.980232556732
6884921,0.00133807819597,0.0141287282916,0.984533193512
6937417,0.00506686279589,0.052720927851,0.942212209353
6831129,0.00188759591127,0.0107910355739,0.987321368515
6936660,0.120022354543,0.412736751407,0.46724089405
6940667,0.0223039421748,0.105119829155,0.872576228671
7201307,0.00201988290812,0.00921458338173,0.98876553371
6825434,0.0119522179968,0.212875834417,0.775171947587
6848114,0.0650621298176,0.0459561735363,0.888981696646
6947758,0.247752869591,0.220910874779,0.53133625563
6897002,0.105496965359,0.421520554479,0.472982480162
6926661,0.000943715875409,0.0676754577012,0.931380826423
6867411,0.0539309376145,0.53717723347,0.408891828915
6910154,0.01602446818,0.101472141485,0.882503390335
7157900,0.0277323182269,0.301779099863,0.670488581911
6922324,0.0266696758004,0.256034416471,0.717295907729
6863068,0.00141995167301,0.02090177565,0.977678272677
6912109,0.0289433432071,0.197686029975,0.773370626818
6918609,0.0407827061812,0.323143252771,0.636074041048
6889300,0.352485566484,0.252007354638,0.395507078877
6837794,0.14338491641,0.263104137927,0.593510945662
6943098,0.157348891511,0.38067521452,0.461975893968
6927601,0.0965455577428,0.349191347388,0.554263094869
6897826,0.00663224524812,0.132838708319,0.860529046433
6882892,0.00256762282708,0.0274044483417,0.970027928831
6873384,0.255537728096,0.529202216918,0.215260054987
6934693,0.00322100350491,0.0800960154074,0.916682981088
7224450,0.0354310342151,0.20744620629,0.757122759495
6898157,0.00187194137273,0.0309922123612,0.967135846266
6837355,0.00137577756819,0.0247622792306,0.973861943201
6830595,0.168741226608,0.459402847648,0.371855925744
6943561,0.230495872944,0.387009100738,0.382495026318
6844380,0.187945086118,0.449583884928,0.362471028954
6814286,0.028850112323,0.117573506671,0.853576381007
6898520,0.19968302148,0.414801009738,0.385515968781
6940979,0.319774903098,0.475581758068,0.204643338834
6851090,0.296295864178,0.29694463889,0.406759496932
7107169,0.0248765978877,0.217314673528,0.757808728584
6830287,0.0767626169727,0.305085614921,0.618151768106
6933575,0.133700386455,0.590755544582,0.275544068963
6938972,0.0673362249708,0.321338955694,0.611324819335
6888315,0.000913435359057,0.0217618318653,0.977324732776
6855106,0.0271607227484,0.174731211698,0.798108065553
6838237,0.162663879425,0.348853264555,0.48848285602
6901024,0.0449967524501,0.137777675547,0.817225572003
6846627,0.0292006076889,0.0998228528118,0.870976539499
7219857,0.000368426106651,0.0130489357947,0.986582638099
6852685,0.0890769406732,0.261740167955,0.649182891372
6831610,0.156823599579,0.48230519919,0.360871201231
6943538,0.0883552408997,0.603611188091,0.30803357101
6911637,0.00157028826166,0.00824977346363,0.990179938275
6854543,0.0279018742626,0.077631731174,0.894466394563
6940451,0.035139385791,0.435756813982,0.529103800227
6819530,0.126792852081,0.4819336707,0.391273477219
7093396,0.0163232598387,0.169335318484,0.814341421677
6840326,0.0260611980226,0.0921730928082,0.881765709169
6834204,0.00644995717042,0.0394944078304,0.954055634999
6902518,0.153692172141,0.315162188967,0.531145638892
6930253,0.0317660654718,0.2669784135,0.701255521028
6828293,0.000896940094742,0.0923200442175,0.906783015688
7203744,0.588100004035,0.100402883474,0.31149711249
6816478,0.0632035085373,0.12044207012,0.816354421343
6868890,0.00344955202566,0.0672747512927,0.929275696682
6879338,0.101429275552,0.334201905645,0.564368818802
6898532,0.151795219192,0.258064393153,0.590140387655
6899965,0.0199962570487,0.200553917579,0.779449825372
7133875,0.00144921166575,0.0133225530776,0.985228235257
6822218,0.0256483678276,0.208923624521,0.765428007651
6814018,0.120857112605,0.29176251522,0.587380372175
6896376,0.124983748596,0.515496699091,0.359519552312
6918670,0.108783126606,0.46029778573,0.430919087664
6867839,0.00722058557232,0.0267584410783,0.966020973349
6823554,0.00399128659826,0.0369628356486,0.959045877753
6934798,0.0173247842853,0.277249140723,0.705426074992
6820823,0.217468345176,0.369109884256,0.413421770568
6880212,0.00999866185076,0.105335699806,0.884665638343
6934814,0.0084306847163,0.0854773107654,0.906092004518
7254134,0.0200424448637,0.2595584975,0.720399057637
6938303,0.30422709011,0.558119853005,0.137653056885
6813807,0.0749118861632,0.377280505158,0.547807608678
6878604,0.0167689994998,0.0106068300984,0.972624170402
6876763,0.00567968803719,0.0416076895933,0.95271262237
6844352,0.00805549814012,0.106541237864,0.885403263996
6915939,0.168379165525,0.440163216167,0.391457618307
7109370,0.0387112340444,0.268444755054,0.692844010902
6855445,0.0134828443858,0.14451826614,0.841998889474
6818668,0.046503075642,0.240903273749,0.712593650609
6836527,0.000604667648573,0.014990525789,0.984404806562
6831717,0.0149664338829,0.238215079019,0.746818487098
6937162,0.115378331364,0.494007180891,0.390614487744
6922876,0.00236608062865,0.0829389593615,0.91469496001
7109482,0.0670634804744,0.394451279939,0.538485239586
6940972,0.115109514378,0.517417981796,0.367472503826
6883790,0.047435157942,0.241531762406,0.711033079652
6921643,0.0564480485801,0.215557946402,0.727994005018
6935700,0.000875807522188,0.035678893526,0.963445298952
6827025,0.00421795255929,0.0994680203723,0.896314027068
6943096,0.0124285958925,0.106561668454,0.881009735653
7161468,0.0214839114564,0.109465490409,0.869050598135
6879610,0.00562797888125,0.0268280473444,0.967543973774
6935762,0.0229105361647,0.499428273756,0.477661190079
6925042,0.0167488899867,0.137612528059,0.845638581955
7121050,0.0217899845603,0.307784355087,0.670425660352
6821601,0.139069321411,0.287442454976,0.573488223613
6926810,0.00640123756852,0.0616384756097,0.931960286822
6946532,0.017281178775,0.234239775607,0.748479045618
6875171,0.0258436807352,0.354687810457,0.619468508808
7096285,0.038611742536,0.296161904669,0.665226352795
6812321,0.0181435172521,0.143470484327,0.838385998421
6822697,0.0702224328285,0.131970964069,0.797806603102
6941294,0.00279264353038,0.0802673319599,0.91694002451
6873564,0.00124348630644,0.00538738637206,0.993369127321
6926791,0.0296762566665,0.326016951959,0.644306791374
7142444,0.620658990095,0.273697284785,0.105643725119
6878128,0.0920588890679,0.484281691263,0.423659419669
6927428,0.0118377673796,0.18443039838,0.803731834241
6812674,0.00286226613694,0.0125657864253,0.984571947438
6881774,0.146266191071,0.529124664616,0.324609144312
7167797,0.00399311204898,0.0288692398353,0.967137648116
6865238,0.141959024363,0.528453546707,0.32958742893
6841710,0.107287540137,0.347081959879,0.545630499984
6856334,0.004300172595,0.0195404404593,0.976159386946
6906462,0.00399782744595,0.0769131436457,0.919089028908
6837438,0.072067131652,0.269643105281,0.658289763067
6908277,0.106211829885,0.216496260598,0.677291909517
6841291,0.0529071326787,0.17423415933,0.772858707992
6915178,0.389170344878,0.317061226292,0.29376842883
6893031,0.188428936663,0.510585751817,0.30098531152
6894985,0.0987248600659,0.644939008379,0.256336131555
6931134,0.1522322824,0.36914972034,0.47861799726
6872264,0.218551967459,0.422382004724,0.359066027816
6816953,0.0749871525405,0.293310069359,0.6317027781
7163518,0.177768633156,0.770188611604,0.0520427552396
6893253,0.0483426591927,0.341227221508,0.6104301193
6943822,0.0206793700645,0.0484027070549,0.930917922881
6946313,0.0202796942129,0.200194302309,0.779526003479
6839443,0.0344911584846,0.16217244455,0.803336396965
6911338,0.0664281237227,0.326276586284,0.607295289994
7223877,0.848205391145,0.0879283820621,0.0638662267929
6917884,0.0314992866342,0.29006044437,0.678440268996
6823126,0.00116417731751,0.0116168701363,0.987218952546
6939488,0.165853863295,0.477593624512,0.356552512192
7196924,0.0602848707685,0.183700585582,0.75601454365
6905685,0.00767325250204,0.092581336835,0.899745410663
6894092,0.0290030962534,0.0749541827694,0.896042720977
6812181,0.00925485528041,0.114025111342,0.876720033377
6854610,0.0363668056389,0.463310575171,0.50032261919
6873754,0.151873719232,0.369034120611,0.479092160157
6859181,0.970986440762,0.0219988069527,0.00701475228522
6825402,0.0024200042918,0.0490716533649,0.948508342343
6819526,0.00752504992252,0.121601415371,0.870873534706
6896065,0.00215193986816,0.041721454943,0.956126605189
6931793,0.0245498461173,0.232634620656,0.742815533227
6907360,0.0272220398896,0.225151772033,0.747626188077
6813182,0.0113500429013,0.0559789603496,0.932670996749
6823959,0.0152919592911,0.128041096707,0.856666944002
6942189,0.416357572938,0.463668791873,0.119973635189
6844384,0.0677682051006,0.215456457981,0.716775336918
6836888,0.670215795062,0.142080578433,0.187703626504
6917844,0.0178146208742,0.213176196732,0.769009182394
6937842,0.114056399854,0.788899370361,0.0970442297855
6926917,0.0557011264365,0.23363046577,0.710668407793
7160740,0.0442065541966,0.181530575404,0.774262870399
6936310,0.113440499254,0.432458175436,0.45410132531
6849109,0.220795080647,0.451181711644,0.328023207709
6831018,0.000275147758913,0.00150550491006,0.998219347331
6909842,0.00358105266543,0.031006251901,0.965412695434
6861360,0.00145361010422,0.0246539134072,0.973892476489
6883414,0.0579833885497,0.421977132309,0.520039479141
6876026,0.0464513362631,0.344523170057,0.60902549368
7095390,0.001034062787,0.00930493659168,0.989661000621
6932265,0.501671407754,0.350338968922,0.147989623324
6870949,0.0382878640988,0.212171988196,0.749540147705
6831335,0.0378757182385,0.224598936958,0.737525344803
6895698,0.0629978823941,0.324979253497,0.612022864109
6889889,0.117379406001,0.305013310262,0.577607283737
6876679,0.0108080607628,0.1066484338,0.882543505437
6947097,0.00405053720047,0.00989232140242,0.986057141397
6874970,0.0257387497079,0.28617090669,0.688090343602
6831069,0.390282378069,0.462047796395,0.147669825536
6833628,0.00622498564961,0.0772828899392,0.916492124411
6819282,0.121615634004,0.340250084906,0.53813428109
6825025,0.0258877258738,0.143659526643,0.830452747483
6856513,0.0269549679712,0.1814774933,0.791567538729
6928711,0.000844820421365,0.00875221421889,0.99040296536
6832548,0.0992611405834,0.361432026203,0.539306833213
6881870,0.0387429331288,0.369043690614,0.592213376257
6866978,0.262919852315,0.474632981389,0.262447166296
7163400,0.177768633156,0.770188611604,0.0520427552396
6917187,0.260010269174,0.528665367126,0.2113243637
6927475,0.0199282831387,0.391348751411,0.588722965451
6903243,0.060644458998,0.369155673253,0.570199867749
6876188,0.0374187822831,0.113267305041,0.849313912676
6922219,0.00689272084756,0.121655789173,0.87145148998
7104085,0.00174585046848,0.0117420939114,0.98651205562
6920897,0.0981155307052,0.620105317455,0.28177915184
6812177,0.00555106449642,0.0567184718282,0.937730463675
6941047,0.0563929852368,0.461291027099,0.482315987665
6827609,0.00396524855193,0.0368364518776,0.959198299571
6934328,0.0113054456561,0.122107391353,0.866587162991
6937556,0.801331291949,0.175350608751,0.0233180992998
6879765,0.138929926312,0.574898901588,0.286171172101
6942927,0.00574330962119,0.0843362481729,0.909920442206
6945170,0.014854733814,0.35551793161,0.629627334576
6901915,0.0527960325113,0.238028888031,0.709175079457
6824475,0.0260139246016,0.202122940569,0.771863134829
6832968,0.0112781894546,0.118339571025,0.87038223952
7166718,0.00108544440976,0.00622238255598,0.992692173034
6905079,0.0104675947008,0.124608754454,0.864923650845
6940297,0.156979798286,0.744487103447,0.0985330982664
6911080,0.0724340973079,0.474335433239,0.453230469453
6917208,0.0216307574236,0.303285740581,0.675083501995
6858925,0.078872464711,0.339027532502,0.582100002787
7169883,0.130686790026,0.519808974695,0.349504235279
6944112,0.113396345293,0.405516863481,0.481086791225
6885816,0.0441223422521,0.262177469212,0.693700188536
6837733,0.00621142371804,0.0697904729773,0.923998103305
6828658,0.0936536277429,0.416880090633,0.489466281625
6839429,0.193268601139,0.357487313721,0.44924408514
7164794,0.0428835899615,0.200287426718,0.75682898332
6837661,0.109687569349,0.304250649076,0.586061781575
6883255,0.00353741848113,0.0598079611883,0.936654620331
6833054,0.060437679461,0.406659550744,0.532902769795
7675463,0.0596203230422,0.410630204487,0.529749472471
6871526,0.121078253339,0.148338290411,0.73058345625
6876295,0.0849637192841,0.365278809125,0.549757471591
7204045,0.00121021222727,0.0480156786613,0.950774109111
6840357,0.0376483831515,0.128411268318,0.83394034853
6917531,0.000980485447332,0.0259822702523,0.9730372443
6886057,0.144488251075,0.829453313493,0.0260584354326
6833734,0.0427520182076,0.541166380882,0.41608160091
6908098,0.0571162407359,0.387883401921,0.555000357343
6860562,0.018873327479,0.155611762055,0.825514910466
6859167,0.316450411541,0.144672045886,0.538877542573
6812141,0.00351224504878,0.0551590394037,0.941328715548
6919431,0.00695063589871,0.144318678137,0.848730685965
6869389,0.0224126782304,0.193140666864,0.784446654906
6906034,0.00334884083378,0.0478692105503,0.948781948616
7108495,0.00121097484078,0.00513846051642,0.993650564643
6864681,0.0012903657198,0.00562585340156,0.993083780879
6893982,0.0185975331717,0.154677294807,0.826725172022
6862160,0.0432328109269,0.227785056369,0.728982132704
6854804,0.0360804767219,0.360925267099,0.602994256179
7143164,0.0172624504696,0.323175463275,0.659562086255
6936651,0.0372843679764,0.165353070451,0.797362561573
6837450,0.0297648002818,0.187529082817,0.782706116901
6908259,0.986679529479,0.0108006047571,0.00251986576342
6916539,0.0756663786375,0.234276619215,0.690057002148
6947176,0.0571250495546,0.159632123872,0.783242826573
6933958,0.369688772182,0.414804214564,0.215507013254
6816549,0.293791791311,0.391244326878,0.314963881811
6876117,0.00571191117405,0.0918068895761,0.90248119925
6848605,0.0398127211054,0.365146305797,0.595040973097
6840659,0.0177979595124,0.160251431926,0.821950608561
6823496,0.271702502612,0.401666400149,0.326631097239
6912609,0.000168871928996,0.00296065482864,0.996870473242
7097937,0.00408612898948,0.0423650863165,0.953548784694
6924524,0.0438646430641,0.260320929293,0.695814427642
6938236,0.0811726414362,0.407134438495,0.511692920069
6865751,0.00566052494701,0.0269932442179,0.967346230835
6936323,0.00518087049387,0.0846020136058,0.9102171159
6868422,0.0693733707326,0.424709346849,0.505917282418
7210133,0.0336480927906,0.193335172489,0.77301673472
7215631,0.0426794837763,0.139198323336,0.818122192887
6940189,0.0252754324831,0.297568262904,0.677156304613
6888941,0.000918606623325,0.0257463542955,0.973335039081
6831598,0.0553394901174,0.316493764686,0.628166745196
6939963,0.013263442247,0.102906632227,0.883829925526
6897175,0.127301011283,0.418515796167,0.45418319255
6816167,0.0472355987946,0.17481778843,0.777946612776
6812965,0.0246693878908,0.228026938924,0.747303673185
7149372,0.393235113622,0.540664047005,0.066100839373
6875959,0.0189501205362,0.0336628744603,0.947387005004
6925644,0.0743136850592,0.518090200613,0.407596114328
6874269,0.0141059729104,0.47347611705,0.512417910039
6814721,0.0138322933055,0.112155852859,0.874011853835
6922432,0.0431005187946,0.363053397755,0.59384608345
6858861,0.00980936799877,0.0788445950307,0.91134603697
6835339,0.000274983241145,0.00406595199426,0.995659064765
6896997,0.0959616502736,0.364969889576,0.539068460151
6921134,0.010931352762,0.0473886725986,0.941679974639
6883685,0.145128630313,0.642460409056,0.212410960631
6911406,0.000836515511988,0.00728048583305,0.991882998655
6825733,0.919008118565,0.0487755926685,0.0322162887668
6884462,0.0809254067977,0.578347641412,0.34072695179
6858682,0.00797036930975,0.0618174114188,0.930212219271
6894013,0.058097380353,0.574401964316,0.367500655331
6856391,0.445808838916,0.265043796688,0.289147364396
6828064,0.00208849832332,0.0336516711848,0.964259830492
6817336,0.000294099707124,0.00814817731333,0.99155772298
6819178,0.0891359871184,0.210634717781,0.700229295101
7147339,0.373038779157,0.209441343809,0.417519877034
6887757,0.264392049776,0.358548421864,0.37705952836
6946859,0.0369835658278,0.374146273585,0.588870160587
6855963,0.030716819418,0.128414500649,0.840868679933
6839828,0.0659953544011,0.550880150287,0.383124495312
6870806,0.0428655904846,0.45912410446,0.498010305055
6880221,0.0615866798407,0.223844900428,0.714568419731
6921809,0.0629137260626,0.444236290067,0.492849983871
6897069,0.0250013054219,0.196113851654,0.778884842924
6897157,0.159002475069,0.339737900126,0.501259624805
6898912,0.0144226660563,0.141596147835,0.843981186109
6856271,0.00983018751252,0.290090851817,0.700078960671
6888381,0.00290685737105,0.0124812720728,0.984611870556
7099191,0.00824017640919,0.066085513931,0.92567430966
6917882,0.105137257157,0.338377570571,0.556485172272
6931260,1.03330639596e-05,0.00131297847831,0.998676688458
6849996,0.132290557413,0.318060146963,0.549649295624
6887973,0.0742785302615,0.352166648494,0.573554821245
6850205,0.251076924127,0.469462058535,0.279461017338
6845657,0.00259754553091,0.207533830769,0.7898686237
6930302,0.0101246728208,0.0786610791767,0.911214248002
6852391,0.0245966684195,0.174197543592,0.801205787989
6920411,0.288127085747,0.342391068069,0.369481846184
6907999,0.0105844392954,0.120437740233,0.868977820471
6864094,0.0430325094892,0.201827368621,0.75514012189
6813852,0.0370409132724,0.218029368779,0.744929717949
7232295,0.145876212854,0.539611125837,0.314512661309
6896558,0.069083302428,0.309854074281,0.621062623291
6858919,0.152988014094,0.357230758833,0.489781227073
6847828,0.00950868137787,0.131950769845,0.858540548777
6925116,0.0766610489511,0.339062928557,0.584276022492
6854687,0.0691884600675,0.283658510776,0.647153029156
6946415,0.0431294512191,0.410159586252,0.546710962529
6827859,0.000154617774983,0.00284311044013,0.997002271785
6884313,0.670379280957,0.219955446298,0.109665272745
6848651,0.0434201071892,0.363936498851,0.59264339396
7136298,0.0347379135021,0.217010747449,0.748251339049
6874534,0.0237711854212,0.142468583384,0.833760231194
6908942,0.314441965134,0.497326751226,0.18823128364
6894718,0.000617027283695,0.0164039312454,0.982979041471
6876449,0.135696475833,0.35291300777,0.511390516397
6825630,0.0679400007996,0.320226147448,0.611833851753
7155655,0.0116734496469,0.122577759282,0.865748791071
7201310,0.0211350526832,0.156648527169,0.822216420147
6864334,0.00557835450325,0.0522389536789,0.942182691818
6876658,0.0197349610651,0.131722396671,0.848542642263
6842370,0.0179244252734,0.060972814608,0.921102760119
6835467,0.516725850875,0.297507650673,0.185766498452
7227368,0.0501328697787,0.371059937946,0.578807192275
6859482,0.0165750241847,0.190752656002,0.792672319813
6878641,0.015236687381,0.212610419008,0.772152893611
6869916,0.000370012213565,0.00412419297365,0.995505794813
6841060,0.0222421506069,0.382580950729,0.595176898664
6887832,0.0222216076701,0.14569383534,0.83208455699
6905898,0.00307952595076,0.0177300365436,0.979190437506
7104742,0.107324910105,0.738525861039,0.154149228856
6948090,0.045941220359,0.252150377426,0.701908402215
6839851,0.123658658591,0.414577509804,0.461763831606
6934051,0.00499993456384,0.0334387592308,0.961561306205
6888727,0.310961906091,0.45309987076,0.235938223149
7167478,0.00954262880412,0.0813999364477,0.909057434748
6892109,0.103388867857,0.710417239356,0.186193892787
6908544,0.501591123123,0.203387982151,0.295020894726
6921725,0.0484469232258,0.344066480517,0.607486596258
6932343,0.0529990789714,0.40321106352,0.543789857509
6914309,0.0179090837014,0.135391623257,0.846699293042
6919805,0.0949700188021,0.322483892001,0.582546089197
6947828,0.013143234367,0.215522163601,0.771334602032
6920362,0.0543153911318,0.217116133692,0.728568475176
7110179,0.428062150277,0.353654576536,0.218283273187
6877834,0.328017653482,0.356411810729,0.31557053579
6876966,0.180327471382,0.426085720659,0.393586807959
6823918,0.0243884477711,0.0862061739677,0.889405378261
6871243,0.00642918029333,0.0588612074061,0.934709612301
6928189,0.167842662515,0.514891362594,0.317265974891
6852455,0.162192391195,0.337021432092,0.500786176713
7208631,0.0169481401431,0.205911760426,0.777140099431
6831811,0.253525928802,0.450414954466,0.296059116732
6904276,0.00231848111108,0.0292435081938,0.968438010695
6831589,0.0651470412532,0.11798258254,0.816870376207
6901814,0.00368483589542,0.0841356975258,0.912179466579
6854667,0.841021661643,0.0541463966675,0.104831941689
7192650,0.00172891241126,0.0114457781925,0.986825309396
6836299,0.0211037350503,0.138362307756,0.840533957194
6887919,0.00322147457029,0.0922434164976,0.904535108932
6927679,0.0631128394212,0.435134630772,0.501752529806
6855908,0.0740854028581,0.285783997728,0.640130599414
6854766,0.0269168582666,0.108623167567,0.864459974167
6847472,0.0754425708268,0.18047002998,0.744087399193
6862519,0.0573157477468,0.176719687589,0.765964564665
6938819,0.179798116342,0.434194004903,0.386007878756
6945434,0.103022046192,0.416950029845,0.480027923963
6832722,0.625969560533,0.128730491952,0.245299947515
6852707,0.00455874466316,0.0577056464441,0.937735608893
7177680,0.00500794966473,0.124648062453,0.870343987883
6834945,0.0100648409161,0.00734565597447,0.982589503109
6890316,0.0189600112789,0.139411775635,0.841628213086
6816620,0.00101147914895,0.0100126795417,0.988975841309
6945175,0.00307658921573,0.0809063975648,0.916017013219
6914016,0.00162090271496,0.0763586441736,0.922020453111
6852619,0.0873015895398,0.272583480863,0.640114929597
6813211,0.230564386655,0.301405682544,0.468029930801
6820546,0.0411954404806,0.21823828528,0.740566274239
6836128,0.00973353576242,0.0271954984166,0.963070965821
6850557,0.159341117939,0.579266434503,0.261392447558
6864997,0.0213598760121,0.0283806956142,0.950259428374
6883705,0.0151071287981,0.128666357365,0.856226513837
6898767,0.0143578011657,0.112030017059,0.873612181775
6866020,0.0162064225517,0.114546671175,0.869246906273
7126382,0.472439762901,0.423064783841,0.104495453258
6847427,0.222955323328,0.470219521713,0.306825154959
6841013,0.0288019555474,0.120987750323,0.85021029413
6909469,0.00267824658462,0.0142105989321,0.983111154483
6922473,0.00524977169611,0.0750723502093,0.919677878095
6925906,0.0519352703615,0.356042560919,0.592022168719
6946014,0.0553463112668,0.482762577808,0.461891110926
6820739,0.0202831993829,0.200990069776,0.778726730841
6927559,0.367604477777,0.372105696896,0.260289825327
7174772,0.00248667511572,0.0315680371286,0.965945287756
6931036,0.021377919427,0.444131209383,0.53449087119
6918163,0.0349252186371,0.272799662703,0.69227511866
6893604,0.146803439702,0.354717798179,0.49847876212
6868844,0.0114563873589,0.214817967569,0.773725645072
6814537,0.609700095895,0.147679696656,0.242620207448
6916118,0.00268103091478,0.00699376432689,0.990325204758
6838509,0.0918336429088,0.390265043922,0.517901313169
6919725,0.173212365726,0.472430528962,0.354357105312
6932476,0.00255108730002,0.0420428832704,0.95540602943
6860496,0.0825170060709,0.299306097516,0.618176896413
7156799,0.103771025931,0.573096999128,0.323131974941
6837521,0.0294472915103,0.102960666608,0.867592041881
6913204,0.0318650359576,0.233034176897,0.735100787145
6947516,0.0654424010482,0.391345396565,0.543212202387
6838117,0.0328763054747,0.154833073956,0.812290620569
6933366,0.0258875008454,0.183007234157,0.791105264998
7134198,0.0580034925159,0.303686904201,0.638309603284
6898450,0.0474579673072,0.197771882114,0.754770150579
6819926,0.0265631049068,0.172842920849,0.800593974244
6947698,0.0146578656729,0.0805463044183,0.904795829909
6838721,0.00491938160273,0.00516692368357,0.989913694714
6936661,0.0564632158006,0.613255585772,0.330281198428
6912257,0.0454878814744,0.30332866049,0.651183458036
6905569,0.00479100181192,0.031799908683,0.963409089505
6927167,0.123841505638,0.533917542862,0.3422409515
7150689,0.00876005761837,0.0432788828091,0.947961059573
6820358,0.0692279151632,0.240733161378,0.690038923458
6945045,0.115362670084,0.447208552816,0.4374287771
6866884,0.0163628810123,0.0771457772355,0.906491341752
6820658,0.115710373008,0.354309777088,0.529979849904
6826462,0.032495857855,0.381008702301,0.586495439844
6932390,0.0372732657076,0.280525474122,0.68220126017
6905031,0.246073636481,0.536171026793,0.217755336726
6923011,0.00660945548485,0.092335615584,0.901054928931
6908504,0.39013346746,0.477096987226,0.132769545314
6881050,0.207431384155,0.273829236829,0.518739379016
6892968,0.0144933944285,0.123737085989,0.861769519582
7346996,0.170070395191,0.41477442822,0.415155176589
6876206,0.0175702794964,0.154526028471,0.827903692033
6813475,0.0828958483227,0.261133278197,0.65597087348
7190057,0.0597468116953,0.174678107066,0.765575081239
6838465,0.249410668193,0.418072669021,0.332516662786
6899364,0.0761569709469,0.205677979183,0.71816504987
6891616,0.000313641783158,0.0041503912884,0.995535966928
6836715,0.00490440199387,0.0616169547115,0.933478643295
6829616,0.0275934333894,0.153727831757,0.818678734854
6829144,0.0411357952719,0.527231028039,0.431633176689
6893064,0.0157577480519,0.27209731872,0.712144933228
6861300,0.00179950861334,0.0310170159669,0.96718347542
6926847,0.0660910300999,0.55936752904,0.37454144086
6894021,0.0112053343293,0.0960359328655,0.892758732805
6897946,0.0694849376298,0.14377669747,0.7867383649
6835716,0.0225606938441,0.280570797809,0.696868508346
6832160,0.458608922045,0.408715479233,0.132675598722
6835291,0.0104882172454,0.103870980176,0.885640802579
6945184,0.0098717023139,0.116405031843,0.873723265843
7140488,0.0514127294645,0.313514963791,0.635072306744
6937850,0.0489591951774,0.401514858819,0.549525946003
6899603,0.00328683388099,0.0350093424777,0.961703823641
6903105,0.157596085559,0.358739687719,0.483664226722
6828476,0.0109932140176,0.106358958744,0.882647827238
6835098,0.00125140876668,0.00858680293827,0.990161788295
6830512,0.0349768925393,0.110841661921,0.85418144554
6879997,0.0605773066501,0.15462454904,0.78479814431
7131517,0.0323207308041,0.154640846138,0.813038423058
6835955,0.254961233183,0.378729392106,0.366309374711
6875250,0.055218405945,0.217872465546,0.726909128509
6932794,0.0679328450889,0.299557137261,0.63251001765
6948263,0.00841977254335,0.191965664226,0.799614563231
6867201,0.23203792081,0.478579084595,0.289382994595
6882748,0.0530006397772,0.0851011812248,0.861898178998
6902842,0.0839729047244,0.341555567383,0.574471527892
6847535,0.0408246309004,0.423204100863,0.535971268236
6825267,0.00918971859309,0.112126785439,0.878683495968
6909277,0.00189851820132,0.0260123015863,0.972089180212
7152429,0.157182751267,0.768724337012,0.0740929117211
6931179,0.00100117493123,0.0247975436126,0.974201281456
6896746,0.432761437635,0.429773420131,0.137465142235
6937073,0.00609747051559,0.0566409129639,0.937261616521
6934627,0.000217096486035,0.0106419347085,0.989140968805
6887878,0.207773044714,0.351665893455,0.440561061832
6921531,0.0499629828766,0.209421829877,0.740615187246
6897461,0.0107924011346,0.0491358758907,0.940071722975
6862066,0.0462106133642,0.187935919895,0.765853466741
6851531,0.126236500951,0.529988977226,0.343774521823
6928550,0.0176130312805,0.127251029799,0.85513593892
6945851,0.0331805190327,0.27359318135,0.693226299617
6946955,0.00306133464688,0.00998113970794,0.986957525645
6869136,0.0293986861673,0.572525221876,0.398076091956
6908667,0.015028935432,0.331611122647,0.653359941921
6820525,0.0361785126314,0.225665138952,0.738156348417
6887970,0.0876866249872,0.342598524394,0.569714850619
6848365,0.0460938409135,0.282585040837,0.67132111825
6816173,0.0195554723503,0.0980828735544,0.882361654095
6900732,0.00299062203908,0.028008497464,0.969000880497
6815786,0.0843971823642,0.456424107042,0.459178710594
6945972,0.149869242555,0.436007311592,0.414123445853
6848445,0.011505470158,0.0771859919203,0.911308537922
6856486,0.0757702430686,0.299318260088,0.624911496844
6867010,0.00919166668125,0.160498609295,0.830309724024
6828257,0.0745880147698,0.0712654314727,0.854146553757
6871807,0.061063193947,0.478987563986,0.459949242067
7212966,8.09901353047e-05,0.00120547407199,0.998713535793
6889959,0.0304724855586,0.218194112981,0.751333401461
6915510,0.012943276665,0.0780060877575,0.909050635578
6905402,0.00678674496731,0.0670085266386,0.926204728394
6826100,0.0753509938324,0.5169200258,0.407728980368
6848893,0.0270164477916,0.168707302468,0.80427624974
7155647,0.356555861511,0.288891196634,0.354552941856
6812883,0.31522202314,0.504229536078,0.180548440782
6866095,0.00798301327754,0.0897349986009,0.902281988122
6931127,0.0101080312039,0.0506400030275,0.939251965769
6829407,0.00649598761758,0.101563047142,0.89194096524
6867548,0.127953637765,0.789190248886,0.082856113349
7132575,0.0679054819254,0.277936466681,0.654158051394
6890847,0.0401669694144,0.287293823581,0.672539207004
6916429,0.0219710398167,0.0345590238827,0.943469936301
6884716,0.760274316241,0.200066721938,0.0396589618202
6896897,0.236538765547,0.661587957282,0.101873277171
6941572,0.0576766772411,0.246256026401,0.696067296358
6945277,0.111315015619,0.330984555402,0.55770042898
7133293,0.0150613382856,0.154412564074,0.83052609764
7213385,0.00309977056715,0.0387429754229,0.95815725401
6831928,0.0554713788144,0.334795850348,0.609732770837
6932687,0.00394716093439,0.0810275555844,0.915025283481
6873877,0.0120290404905,0.118404619546,0.869566339963
7135459,0.125162491443,0.381393552496,0.493443956061
6876620,0.00576405255442,0.0494741529741,0.944761794471
6936163,0.00363413312533,0.0445758217199,0.951790045155
6912398,0.0419914059727,0.177747017732,0.780261576296
6917655,0.017854618636,0.0963304329204,0.885814948444
6941149,0.00318775467702,0.114505183286,0.882307062037
6941378,0.0317276606503,0.183922155405,0.784350183945
6882453,0.00788621789671,0.12739296483,0.864720817273
7119160,0.0403898160646,0.11948081637,0.840129367565
6868451,0.0590555988021,0.325343195117,0.615601206081
6945881,0.0182447550794,0.351506734197,0.630248510724
6822541,1.98535467016e-05,0.0169852075726,0.982994938881
6884355,0.186099305736,0.350457869097,0.463442825167
7132247,0.0308280648756,0.295819211725,0.6733527234
6872049,0.102018342535,0.482844771197,0.415136886268
6890740,0.00290921608738,0.0253947441078,0.971696039805
6840897,0.0797226119558,0.306686386586,0.613591001459
6847694,0.0364578006364,0.174274079198,0.789268120165
6938196,0.00363263797441,0.166825153677,0.829542208349
6939526,0.0460848388183,0.366719080947,0.587196080235
6917529,0.00736281291771,0.0429168943326,0.94972029275
6885636,0.0174719764317,0.0770246845793,0.905503338989
7202614,0.000815921258868,0.00848406358948,0.990700015152
6926453,0.125795813778,0.494314671346,0.379889514876
6844636,0.108507271888,0.267654107639,0.623838620473
6879293,0.526086560134,0.288554953201,0.185358486665
6924780,0.0956429182577,0.396802001192,0.50755508055
6881024,0.0194688905676,0.0591665827737,0.921364526659
6851374,0.272825600154,0.459926810275,0.267247589571
6850953,0.0184332465257,0.133844052753,0.847722700721
6892292,0.00120055353736,0.0473084147059,0.951491031757
6886159,0.00252747188998,0.0346097239735,0.962862804137
6849877,0.0634032504074,0.301091037814,0.635505711778
6940840,0.0124979036794,0.175059582962,0.812442513358
6926838,0.0373132811729,0.344544018237,0.618142700591
6879243,0.229408141759,0.526142208527,0.244449649714
6944286,0.0138939690113,0.143123488247,0.842982542742
6915587,0.299750819864,0.486838416584,0.213410763552
6881904,0.0398706498302,0.205501066508,0.754628283661
7154358,0.0460899718549,0.482504654043,0.471405374102
6899258,0.0105423510676,0.0853764208502,0.904081228082
6855460,0.133497757085,0.542038105021,0.324464137894
6864884,0.026733640906,0.14646629486,0.826800064234
6868209,0.0958543557565,0.412790158984,0.49135548526
6853834,0.0378716490475,0.264560107018,0.697568243934
7210020,0.0577791060491,0.422268908294,0.519951985657
6933228,0.0172456435926,0.138788420478,0.843965935929
6929227,0.0436406342375,0.194905555291,0.761453810471
7192346,0.0666588865043,0.279206305665,0.654134807831
6928834,0.000929499931664,0.125569156259,0.873501343809
6812269,0.0069417787814,0.057228198251,0.935830022968
6851446,0.0260880039223,0.198757305902,0.775154690176
6930820,0.00151225584504,0.0569479324703,0.941539811685
6875310,0.155477850224,0.328062344006,0.51645980577
6932397,0.0590848515572,0.596862671544,0.344052476899
6904291,0.00196280562702,0.0223789254918,0.975658268881
6921642,0.10184265899,0.407275025945,0.490882315065
7136057,0.165763323308,0.268182300672,0.56605437602
6920815,0.00621223103705,0.0674755925969,0.926312176366
6861757,0.275261239454,0.590387331744,0.134351428802
6934222,0.223105901323,0.314016800729,0.462877297948
6946448,0.0151898631373,0.144201108448,0.840609028414
6890569,0.147053833254,0.40568812365,0.447258043096
6884477,0.0568296285631,0.677715318898,0.265455052538
7145006,0.000602390675853,0.0159946967608,0.983402912563
6893718,0.00215015676733,0.0252106682844,0.972639174948
6893330,0.042531729937,0.205228126576,0.752240143487
6901780,0.000672011243867,0.00891273966603,0.99041524909
6815738,0.189055748472,0.480436265509,0.330507986019
6917209,0.0207570303443,0.247794139173,0.731448830483
6904227,0.00210649648151,0.0241400926116,0.973753410907
6894402,0.000347189581945,0.0134789041758,0.986173906242
7146083,0.120955898454,0.312771043107,0.566273058439
6902153,0.0118220622504,0.0852692790035,0.902908658746
6925988,0.0128620751929,0.418173956906,0.568963967901
6881323,0.000264456351887,0.00353336628384,0.996202177364
6937405,0.535024245694,0.162718791522,0.302256962784
7098390,0.0506599571093,0.419605724998,0.529734317893
6935942,0.15246959898,0.56362339433,0.28390700669
6833510,0.0987938034407,0.241918297143,0.659287899416
6812857,0.115864013104,0.245047793375,0.639088193521
6828441,0.118472576478,0.271169973025,0.610357450497
6915711,0.481107410335,0.462576484719,0.0563161049456
6880643,0.440058809085,0.417441492324,0.142499698591
7224930,0.0458176582489,0.291615473714,0.662566868037
6852614,0.00148182206823,0.0301842164837,0.968333961448
6853816,0.0465730508171,0.228671355032,0.724755594151
6811964,0.464791136342,0.191362097521,0.343846766137
6847800,0.00335720714328,0.0498124898718,0.946830302985
6859897,0.0979593947237,0.509892886301,0.392147718975
6882929,0.00245934520639,0.0378268266116,0.959713828182
7157584,0.00471402136571,0.057497639664,0.93778833897
6863444,0.00982044853824,0.0293630768871,0.960816474575
6836902,0.000783790116322,0.0144467735249,0.984769436359
6918960,0.0988816386832,0.419196400004,0.481921961313
6882854,0.0725358802867,0.307216187459,0.620247932255
6822755,0.106972236478,0.0175871567101,0.875440606811
6815184,0.252210318185,0.387097264885,0.36069241693
6846582,0.0489888609546,0.176365928168,0.774645210878
6940309,0.0066892787465,0.0752249060616,0.918085815192
6924056,0.0112480494237,0.157136421032,0.831615529544
6824481,0.00772488327038,0.189845132717,0.802429984012
6839735,0.00387409863583,0.0503730210558,0.945752880308
6900130,0.0604160659275,0.323155454503,0.616428479569
6946739,0.00297658108565,0.0212794671844,0.97574395173
7144008,0.0296385191542,0.187474269549,0.782887211297
6863751,0.00686494103944,0.0464227922917,0.946712266669
6820293,0.0563586168335,0.44211051182,0.501530871346
6818472,0.00697566142053,0.180692722033,0.812331616546
6832420,0.0076323799876,0.0733448547351,0.919022765277
6879450,0.00186114367106,0.0195578869534,0.978580969376
6943618,0.00620175851718,0.13153298642,0.862265255063
6883463,0.0494535068982,0.182536544369,0.768009948733
6834919,0.176920518592,0.215026108798,0.608053372611
7505696,0.0413621883076,0.163991165586,0.794646646106
6903645,0.038505321476,0.199398228441,0.762096450083
6831148,0.489322932043,0.132553487087,0.37812358087
6828948,0.112546954467,0.167224887763,0.72022815777
6878495,0.013343619041,0.090236432788,0.896419948171
6924862,0.00368281025433,0.0700546970833,0.926262492662
6887802,0.00642331703306,0.130286376897,0.86329030607
6903228,0.556050026246,0.281198451414,0.162751522339
6947415,6.01074846013e-05,0.0337065919106,0.966233300605
6941508,0.504683473267,0.320191187886,0.175125338847
6856111,0.0411216617147,0.322216685805,0.63666165248
7126808,0.00364513035107,0.0953583540701,0.900996515579
6939857,0.00400714809004,0.229809382408,0.766183469502
6822528,0.316185388567,0.403934935361,0.279879676072
6947631,0.0834290400694,0.288791167837,0.627779792094
6887810,0.00420664160877,0.0973985070877,0.898394851304
6849210,0.0520564552896,0.14289186082,0.80505168389
6901742,0.00102960523974,0.0276051060914,0.971365288669
6850925,0.261202657693,0.640909663594,0.0978876787129
