high,medium,low,listing_id
0.066,0.415,0.519,7142618
0.039,0.086,0.875,7210040
0.032,0.305,0.663,7103890
0.088,0.352,0.56,7143442
0.039,0.306,0.655,6860601
0.009,0.086,0.905,6840081
0.027,0.246,0.727,6922337
0.093,0.283,0.624,6913616
0.07,0.142,0.788,6937820
0.031,0.297,0.672,6893933
0.06,0.113,0.827,6832604
0.056,0.38,0.564,6915282
0.101,0.479,0.42,7127565
0.006,0.019,0.975,6827899
0.0,0.017,0.983,6934855
0.032,0.233,0.735,6861826
0.058,0.369,0.573,6871643
0.045,0.157,0.798,6842542
0.079,0.047,0.874,6934145
0.096,0.34,0.564,6829365
0.038,0.166,0.796,7167858
0.022,0.189,0.789,6859483
0.03,0.166,0.804,6861377
0.069,0.286,0.645,6848960
0.005,0.035,0.96,6918850
0.107,0.455,0.438,6916867
0.089,0.219,0.692,6895840
0.215,0.403,0.382,6813539
0.151,0.332,0.517,7116900
0.013,0.056,0.931,6890328
0.116,0.226,0.658,6879406
0.083,0.299,0.618,6824924
0.008,0.02,0.972,6911302
0.049,0.782,0.169,6918742
0.077,0.225,0.698,6910586
0.138,0.293,0.569,6821750
0.053,0.667,0.28,6860647
0.111,0.538,0.351,6932873
0.016,0.124,0.86,6846053
0.09,0.314,0.596,6940365
0.027,0.177,0.796,6931867
0.036,0.198,0.766,6876383
0.121,0.305,0.574,6910980
0.007,0.048,0.945,6880877
0.081,0.614,0.305,6839552
0.281,0.434,0.285,6838051
0.283,0.25,0.467,6928201
0.058,0.559,0.383,6945608
0.086,0.269,0.645,6816147
0.06,0.289,0.651,6868129
0.03,0.437,0.533,6849448
0.442,0.293,0.265,7113677
0.018,0.135,0.847,6930856
0.114,0.205,0.681,6889594
0.062,0.117,0.821,6842682
0.181,0.414,0.405,6880366
0.043,0.05,0.907,6835063
0.235,0.335,0.43,6820479
0.054,0.282,0.664,6882057
0.068,0.283,0.649,6834440
0.001,0.003,0.996,6880846
0.003,0.011,0.986,6847248
0.006,0.057,0.937,6868368
0.016,0.051,0.933,6943505
0.001,0.018,0.981,7174304
0.08,0.187,0.733,6880747
0.063,0.297,0.64,6933565
0.005,0.018,0.977,6888511
0.028,0.412,0.56,6942704
0.057,0.175,0.768,6840304
0.081,0.341,0.578,6856860
0.001,0.013,0.986,6884921
0.024,0.131,0.845,6937417
0.013,0.066,0.921,6831129
0.195,0.374,0.431,6936660
0.044,0.125,0.831,6940667
0.023,0.104,0.873,7201307
0.017,0.197,0.786,6825434
0.004,0.037,0.959,6848114
0.353,0.454,0.193,6947758
0.178,0.309,0.513,6897002
0.012,0.077,0.911,6926661
0.11,0.423,0.467,6867411
0.04,0.281,0.679,6910154
0.094,0.374,0.532,7157900
0.052,0.242,0.706,6922324
0.059,0.078,0.863,6863068
0.017,0.085,0.898,6912109
0.079,0.377,0.544,6918609
0.205,0.394,0.401,6889300
0.058,0.277,0.665,6837794
0.401,0.456,0.143,6943098
0.095,0.328,0.577,6927601
0.002,0.019,0.979,6897826
0.019,0.058,0.923,6882892
0.137,0.33,0.533,6873384
0.031,0.078,0.891,6934693
0.051,0.379,0.57,7224450
0.006,0.048,0.946,6898157
0.002,0.023,0.975,6837355
0.114,0.409,0.477,6830595
0.071,0.352,0.577,6943561
0.15,0.459,0.391,6844380
0.027,0.106,0.867,6814286
0.04,0.499,0.461,6898520
0.53,0.253,0.217,6940979
0.074,0.1,0.826,6851090
0.055,0.193,0.752,7107169
0.083,0.135,0.782,6830287
0.061,0.342,0.597,6933575
0.112,0.493,0.395,6938972
0.0,0.007,0.993,6888315
0.034,0.24,0.726,6855106
0.136,0.545,0.319,6838237
0.092,0.205,0.703,6901024
0.013,0.142,0.845,6846627
0.001,0.021,0.978,7219857
0.043,0.19,0.767,6852685
0.072,0.32,0.608,6831610
0.011,0.122,0.867,6943538
0.01,0.044,0.946,6911637
0.022,0.084,0.894,6854543
0.117,0.36,0.523,6940451
0.399,0.232,0.369,6819530
0.056,0.294,0.65,7093396
0.015,0.115,0.87,6840326
0.043,0.17,0.787,6834204
0.149,0.36,0.491,6902518
0.054,0.182,0.764,6930253
0.007,0.084,0.909,6828293
0.312,0.334,0.354,7203744
0.105,0.401,0.494,6816478
0.059,0.128,0.813,6868890
0.09,0.471,0.439,6879338
0.018,0.256,0.726,6898532
0.0,0.022,0.978,6899965
0.001,0.013,0.986,7133875
0.061,0.203,0.736,6822218
0.264,0.226,0.51,6814018
0.072,0.229,0.699,6896376
0.218,0.364,0.418,6918670
0.021,0.087,0.892,6867839
0.002,0.036,0.962,6823554
0.017,0.029,0.954,6934798
0.105,0.316,0.579,6820823
0.044,0.153,0.803,6880212
0.001,0.01,0.989,6934814
0.044,0.126,0.83,7254134
0.294,0.563,0.143,6938303
0.08,0.432,0.488,6813807
0.031,0.133,0.836,6878604
0.002,0.02,0.978,6876763
0.013,0.121,0.866,6844352
0.265,0.344,0.391,6915939
0.085,0.273,0.642,7109370
0.039,0.209,0.752,6855445
0.022,0.314,0.664,6818668
0.0,0.001,0.999,6836527
0.02,0.16,0.82,6831717
0.049,0.282,0.669,6937162
0.07,0.21,0.72,6922876
0.02,0.44,0.54,7109482
0.027,0.166,0.807,6940972
0.126,0.334,0.54,6883790
0.03,0.212,0.758,6921643
0.014,0.085,0.901,6935700
0.11,0.345,0.545,6827025
0.296,0.047,0.657,6943096
0.001,0.021,0.978,7161468
0.047,0.167,0.786,6879610
0.083,0.339,0.578,6935762
0.073,0.21,0.717,6925042
0.053,0.276,0.671,7121050
0.003,0.022,0.975,6821601
0.035,0.126,0.839,6926810
0.026,0.22,0.754,6946532
0.131,0.328,0.541,6875171
0.113,0.351,0.536,7096285
0.001,0.016,0.983,6812321
0.117,0.168,0.715,6822697
0.03,0.269,0.701,6941294
0.01,0.092,0.898,6873564
0.02,0.569,0.411,6926791
0.552,0.306,0.142,7142444
0.13,0.473,0.397,6878128
0.031,0.222,0.747,6927428
0.007,0.022,0.971,6812674
0.093,0.243,0.664,6881774
0.006,0.03,0.964,7167797
0.064,0.543,0.393,6865238
0.08,0.372,0.548,6841710
0.039,0.143,0.818,6856334
0.016,0.176,0.808,6906462
0.097,0.179,0.724,6837438
0.194,0.554,0.252,6908277
0.005,0.025,0.97,6841291
0.055,0.262,0.683,6915178
0.093,0.48,0.427,6893031
0.423,0.471,0.106,6894985
0.034,0.252,0.714,6931134
0.46,0.242,0.298,6872264
0.229,0.475,0.296,6816953
0.306,0.366,0.328,7163518
0.02,0.162,0.818,6893253
0.037,0.144,0.819,6943822
0.049,0.24,0.711,6946313
0.037,0.14,0.823,6839443
0.03,0.309,0.661,6911338
0.35,0.384,0.266,7223877
0.049,0.291,0.66,6917884
0.007,0.069,0.924,6823126
0.033,0.061,0.906,6939488
0.0,0.006,0.994,7196924
0.002,0.008,0.99,6905685
0.0,0.002,0.998,6894092
0.014,0.064,0.922,6812181
0.064,0.364,0.572,6854610
0.061,0.184,0.755,6873754
0.875,0.075,0.05,6859181
0.043,0.165,0.792,6825402
0.047,0.254,0.699,6819526
0.005,0.058,0.937,6896065
0.028,0.203,0.769,6931793
0.049,0.147,0.804,6907360
0.141,0.317,0.542,6813182
0.027,0.104,0.869,6823959
0.08,0.32,0.6,6942189
0.07,0.239,0.691,6844384
0.204,0.255,0.541,6836888
0.043,0.095,0.862,6917844
0.084,0.451,0.465,6937842
0.084,0.44,0.476,6926917
0.051,0.315,0.634,7160740
0.037,0.288,0.675,6936310
0.047,0.469,0.484,6849109
0.008,0.043,0.949,6831018
0.005,0.045,0.95,6909842
0.038,0.127,0.835,6861360
0.021,0.201,0.778,6883414
0.046,0.24,0.714,6876026
0.004,0.011,0.985,7095390
0.221,0.46,0.319,6932265
0.04,0.212,0.748,6870949
0.081,0.306,0.613,6831335
0.231,0.423,0.346,6895698
0.083,0.235,0.682,6889889
0.046,0.209,0.745,6876679
0.431,0.266,0.303,6947097
0.003,0.027,0.97,6874970
0.284,0.526,0.19,6831069
0.144,0.241,0.615,6833628
0.075,0.353,0.572,6819282
0.061,0.2,0.739,6825025
0.064,0.42,0.516,6856513
0.0,0.004,0.996,6928711
0.115,0.433,0.452,6832548
0.009,0.102,0.889,6881870
0.297,0.325,0.378,6866978
0.301,0.369,0.33,7163400
0.017,0.111,0.872,6917187
0.082,0.249,0.669,6927475
0.31,0.133,0.557,6903243
0.03,0.212,0.758,6876188
0.005,0.059,0.936,6922219
0.005,0.03,0.965,7104085
0.075,0.372,0.553,6920897
0.014,0.075,0.911,6812177
0.032,0.427,0.541,6941047
0.009,0.059,0.932,6827609
0.0,0.039,0.961,6934328
0.131,0.532,0.337,6937556
0.094,0.534,0.372,6879765
0.039,0.15,0.811,6942927
0.134,0.293,0.573,6945170
0.059,0.218,0.723,6901915
0.017,0.073,0.91,6824475
0.116,0.251,0.633,6832968
0.0,0.012,0.988,7166718
0.033,0.26,0.707,6905079
0.107,0.729,0.164,6940297
0.066,0.416,0.518,6911080
0.015,0.13,0.855,6917208
0.047,0.42,0.533,6858925
0.104,0.464,0.432,7169883
0.371,0.448,0.181,6944112
0.031,0.179,0.79,6885816
0.072,0.269,0.659,6837733
0.048,0.242,0.71,6828658
0.105,0.562,0.333,6839429
0.014,0.075,0.911,7164794
0.039,0.163,0.798,6837661
0.027,0.167,0.806,6883255
0.043,0.169,0.788,6833054
0.039,0.229,0.732,7675463
0.118,0.325,0.557,6871526
0.072,0.168,0.76,6876295
0.007,0.035,0.958,7204045
0.163,0.325,0.512,6840357
0.003,0.02,0.977,6917531
0.336,0.379,0.285,6886057
0.098,0.351,0.551,6833734
0.06,0.211,0.729,6908098
0.072,0.472,0.456,6860562
0.319,0.47,0.211,6859167
0.001,0.031,0.968,6812141
0.009,0.081,0.91,6919431
0.061,0.19,0.749,6869389
0.071,0.208,0.721,6906034
0.002,0.01,0.988,7108495
0.003,0.073,0.924,6864681
0.026,0.122,0.852,6893982
0.014,0.134,0.852,6862160
0.048,0.352,0.6,6854804
0.016,0.373,0.611,7143164
0.067,0.108,0.825,6936651
0.023,0.143,0.834,6837450
0.738,0.111,0.151,6908259
0.042,0.271,0.687,6916539
0.117,0.245,0.638,6947176
0.342,0.404,0.254,6933958
0.19,0.36,0.45,6816549
0.005,0.053,0.942,6876117
0.034,0.205,0.761,6848605
0.198,0.269,0.533,6840659
0.14,0.296,0.564,6823496
0.003,0.018,0.979,6912609
0.019,0.084,0.897,7097937
0.01,0.529,0.461,6924524
0.068,0.187,0.745,6938236
0.004,0.019,0.977,6865751
0.03,0.262,0.708,6936323
0.102,0.338,0.56,6868422
0.088,0.247,0.665,7210133
0.016,0.083,0.901,7215631
0.058,0.27,0.672,6940189
0.007,0.011,0.982,6888941
0.173,0.447,0.38,6831598
0.011,0.108,0.881,6939963
0.155,0.321,0.524,6897175
0.07,0.225,0.705,6816167
0.032,0.294,0.674,6812965
0.312,0.406,0.282,7149372
0.024,0.092,0.884,6875959
0.137,0.454,0.409,6925644
0.143,0.358,0.499,6874269
0.045,0.122,0.833,6814721
0.03,0.431,0.539,6922432
0.096,0.198,0.706,6858861
0.019,0.021,0.96,6835339
0.555,0.24,0.205,6896997
0.003,0.004,0.993,6921134
0.106,0.561,0.333,6883685
0.007,0.037,0.956,6911406
0.372,0.308,0.32,6825733
0.249,0.359,0.392,6884462
0.024,0.082,0.894,6858682
0.211,0.409,0.38,6894013
0.284,0.298,0.418,6856391
0.003,0.141,0.856,6828064
0.0,0.013,0.987,6817336
0.064,0.249,0.687,6819178
0.163,0.292,0.545,7147339
0.097,0.519,0.384,6887757
0.085,0.368,0.547,6946859
0.001,0.009,0.99,6855963
0.065,0.202,0.733,6839828
0.067,0.361,0.572,6870806
0.149,0.402,0.449,6880221
0.042,0.244,0.714,6921809
0.104,0.348,0.548,6897069
0.271,0.476,0.253,6897157
0.085,0.259,0.656,6898912
0.144,0.236,0.62,6856271
0.0,0.004,0.996,6888381
0.012,0.098,0.89,7099191
0.087,0.538,0.375,6917882
0.017,0.097,0.886,6931260
0.033,0.618,0.349,6849996
0.078,0.278,0.644,6887973
0.111,0.569,0.32,6850205
0.188,0.483,0.329,6845657
0.032,0.109,0.859,6930302
0.016,0.056,0.928,6852391
0.291,0.169,0.54,6920411
0.028,0.128,0.844,6907999
0.017,0.118,0.865,6864094
0.053,0.266,0.681,6813852
0.146,0.376,0.478,7232295
0.074,0.497,0.429,6896558
0.038,0.59,0.372,6858919
0.063,0.179,0.758,6847828
0.028,0.325,0.647,6925116
0.016,0.093,0.891,6854687
0.038,0.662,0.3,6946415
0.001,0.003,0.996,6827859
0.246,0.439,0.315,6884313
0.027,0.118,0.855,6848651
0.02,0.234,0.746,7136298
0.122,0.391,0.487,6874534
0.298,0.393,0.309,6908942
0.034,0.109,0.857,6894718
0.128,0.274,0.598,6876449
0.083,0.408,0.509,6825630
0.012,0.331,0.657,7155655
0.014,0.101,0.885,7201310
0.024,0.219,0.757,6864334
0.022,0.165,0.813,6876658
0.226,0.41,0.364,6842370
0.462,0.298,0.24,6835467
0.096,0.347,0.557,7227368
0.122,0.254,0.624,6859482
0.022,0.059,0.919,6878641
0.0,0.0,1.0,6869916
0.087,0.29,0.623,6841060
0.051,0.305,0.644,6887832
0.007,0.037,0.956,6905898
0.468,0.319,0.213,7104742
0.038,0.232,0.73,6948090
0.077,0.361,0.562,6839851
0.043,0.102,0.855,6934051
0.08,0.356,0.564,6888727
0.026,0.118,0.856,7167478
0.239,0.589,0.172,6892109
0.446,0.349,0.205,6908544
0.069,0.312,0.619,6921725
0.022,0.79,0.188,6932343
0.001,0.026,0.973,6914309
0.026,0.09,0.884,6919805
0.044,0.245,0.711,6947828
0.029,0.162,0.809,6920362
0.496,0.318,0.186,7110179
0.099,0.243,0.658,6877834
0.074,0.181,0.745,6876966
0.025,0.119,0.856,6823918
0.004,0.039,0.957,6871243
0.307,0.389,0.304,6928189
0.096,0.214,0.69,6852455
0.052,0.26,0.688,7208631
0.122,0.49,0.388,6831811
0.002,0.013,0.985,6904276
0.106,0.31,0.584,6831589
0.169,0.301,0.53,6901814
0.707,0.155,0.138,6854667
0.001,0.059,0.94,7192650
0.002,0.021,0.977,6836299
0.023,0.19,0.787,6887919
0.057,0.263,0.68,6927679
0.039,0.267,0.694,6855908
0.013,0.121,0.866,6854766
0.053,0.108,0.839,6847472
0.103,0.219,0.678,6862519
0.379,0.347,0.274,6938819
0.057,0.295,0.648,6945434
0.683,0.154,0.163,6832722
0.067,0.273,0.66,6852707
0.075,0.396,0.529,7177680
0.019,0.022,0.959,6834945
0.015,0.054,0.931,6890316
0.063,0.217,0.72,6816620
0.062,0.272,0.666,6945175
0.032,0.142,0.826,6914016
0.014,0.147,0.839,6852619
0.05,0.422,0.528,6813211
0.012,0.106,0.882,6820546
0.001,0.005,0.994,6836128
0.044,0.554,0.402,6850557
0.476,0.337,0.187,6864997
0.024,0.136,0.84,6883705
0.042,0.188,0.77,6898767
0.071,0.189,0.74,6866020
0.301,0.32,0.379,7126382
0.089,0.341,0.57,6847427
0.089,0.334,0.577,6841013
0.0,0.005,0.995,6909469
0.075,0.269,0.656,6922473
0.035,0.257,0.708,6925906
0.112,0.34,0.548,6946014
0.038,0.294,0.668,6820739
0.534,0.23,0.236,6927559
0.006,0.025,0.969,7174772
0.042,0.215,0.743,6931036
0.025,0.145,0.83,6918163
0.156,0.414,0.43,6893604
0.197,0.372,0.431,6868844
0.409,0.41,0.181,6814537
0.008,0.03,0.962,6916118
0.056,0.24,0.704,6838509
0.134,0.315,0.551,6919725
0.002,0.005,0.993,6932476
0.066,0.474,0.46,6860496
0.068,0.455,0.477,7156799
0.116,0.2,0.684,6837521
0.072,0.58,0.348,6913204
0.052,0.298,0.65,6947516
0.023,0.154,0.823,6838117
0.057,0.318,0.625,6933366
0.022,0.132,0.846,7134198
0.045,0.371,0.584,6898450
0.009,0.033,0.958,6819926
0.074,0.275,0.651,6947698
0.003,0.011,0.986,6838721
0.081,0.627,0.292,6936661
0.074,0.215,0.711,6912257
0.019,0.11,0.871,6905569
0.192,0.372,0.436,6927167
0.038,0.074,0.888,7150689
0.025,0.188,0.787,6820358
0.096,0.279,0.625,6945045
0.066,0.141,0.793,6866884
0.1,0.303,0.597,6820658
0.051,0.6,0.349,6826462
0.03,0.156,0.814,6932390
0.537,0.337,0.126,6905031
0.05,0.221,0.729,6923011
0.12,0.291,0.589,6908504
0.154,0.047,0.799,6881050
0.02,0.429,0.551,6892968
0.105,0.19,0.705,7346996
0.093,0.21,0.697,6876206
0.061,0.3,0.639,6813475
0.008,0.024,0.968,7190057
0.07,0.216,0.714,6838465
0.088,0.265,0.647,6899364
0.002,0.005,0.993,6891616
0.049,0.213,0.738,6836715
0.038,0.312,0.65,6829616
0.015,0.195,0.79,6829144
0.052,0.24,0.708,6893064
0.028,0.15,0.822,6861300
0.057,0.242,0.701,6926847
0.01,0.04,0.95,6894021
0.001,0.017,0.982,6897946
0.101,0.099,0.8,6835716
0.261,0.296,0.443,6832160
0.158,0.284,0.558,6835291
0.029,0.24,0.731,6945184
0.103,0.394,0.503,7140488
0.065,0.291,0.644,6937850
0.111,0.138,0.751,6899603
0.331,0.398,0.271,6903105
0.017,0.285,0.698,6828476
0.044,0.115,0.841,6835098
0.178,0.324,0.498,6830512
0.088,0.204,0.708,6879997
0.106,0.412,0.482,7131517
0.152,0.334,0.514,6835955
0.03,0.148,0.822,6875250
0.101,0.361,0.538,6932794
0.134,0.47,0.396,6948263
0.182,0.486,0.332,6867201
0.009,0.036,0.955,6882748
0.192,0.503,0.305,6902842
0.024,0.191,0.785,6847535
0.06,0.204,0.736,6825267
0.035,0.058,0.907,6909277
0.311,0.373,0.316,7152429
0.018,0.126,0.856,6931179
0.053,0.259,0.688,6896746
0.001,0.094,0.905,6937073
0.009,0.023,0.968,6934627
0.106,0.28,0.614,6887878
0.052,0.277,0.671,6921531
0.0,0.01,0.99,6897461
0.151,0.292,0.557,6862066
0.114,0.321,0.565,6851531
0.002,0.015,0.983,6928550
0.037,0.151,0.812,6945851
0.001,0.015,0.984,6946955
0.17,0.651,0.179,6869136
0.09,0.438,0.472,6908667
0.032,0.321,0.647,6820525
0.118,0.473,0.409,6887970
0.023,0.187,0.79,6848365
0.018,0.067,0.915,6816173
0.001,0.003,0.996,6900732
0.072,0.312,0.616,6815786
0.085,0.395,0.52,6945972
0.027,0.206,0.767,6848445
0.187,0.326,0.487,6856486
0.082,0.326,0.592,6867010
0.073,0.082,0.845,6828257
0.018,0.184,0.798,6871807
0.001,0.025,0.974,7212966
0.008,0.083,0.909,6889959
0.015,0.106,0.879,6915510
0.016,0.106,0.878,6905402
0.045,0.576,0.379,6826100
0.026,0.154,0.82,6848893
0.184,0.261,0.555,7155647
0.095,0.75,0.155,6812883
0.012,0.089,0.899,6866095
0.001,0.004,0.995,6931127
0.013,0.074,0.913,6829407
0.328,0.39,0.282,6867548
0.117,0.433,0.45,7132575
0.013,0.115,0.872,6890847
0.007,0.014,0.979,6916429
0.503,0.362,0.135,6884716
0.55,0.283,0.167,6896897
0.022,0.13,0.848,6941572
0.079,0.361,0.56,6945277
0.009,0.065,0.926,7133293
0.003,0.02,0.977,7213385
0.074,0.519,0.407,6831928
0.069,0.252,0.679,6932687
0.027,0.12,0.853,6873877
0.214,0.395,0.391,7135459
0.01,0.056,0.934,6876620
0.018,0.172,0.81,6936163
0.131,0.296,0.573,6912398
0.001,0.023,0.976,6917655
0.072,0.084,0.844,6941149
0.03,0.129,0.841,6941378
0.06,0.193,0.747,6882453
0.084,0.246,0.67,7119160
0.118,0.363,0.519,6868451
0.032,0.243,0.725,6945881
0.167,0.261,0.572,6822541
0.059,0.38,0.561,6884355
0.066,0.27,0.664,7132247
0.067,0.354,0.579,6872049
0.066,0.191,0.743,6890740
0.221,0.374,0.405,6840897
0.029,0.096,0.875,6847694
0.049,0.219,0.732,6938196
0.013,0.037,0.95,6939526
0.0,0.006,0.994,6917529
0.012,0.224,0.764,6885636
0.001,0.009,0.99,7202614
0.052,0.475,0.473,6926453
0.311,0.324,0.365,6844636
0.266,0.328,0.406,6879293
0.276,0.334,0.39,6924780
0.01,0.022,0.968,6881024
0.17,0.439,0.391,6851374
0.005,0.083,0.912,6850953
0.062,0.277,0.661,6892292
0.02,0.226,0.754,6886159
0.15,0.403,0.447,6849877
0.032,0.117,0.851,6940840
0.058,0.493,0.449,6926838
0.262,0.448,0.29,6879243
0.049,0.115,0.836,6944286
0.288,0.322,0.39,6915587
0.143,0.324,0.533,6881904
0.334,0.327,0.339,7154358
0.034,0.24,0.726,6899258
0.157,0.486,0.357,6855460
0.025,0.114,0.861,6864884
0.082,0.345,0.573,6868209
0.151,0.312,0.537,6853834
0.074,0.225,0.701,7210020
0.055,0.289,0.656,6933228
0.112,0.268,0.62,6929227
0.123,0.245,0.632,7192346
0.015,0.112,0.873,6928834
0.0,0.029,0.971,6812269
0.264,0.218,0.518,6851446
0.016,0.084,0.9,6930820
0.098,0.276,0.626,6875310
0.065,0.311,0.624,6932397
0.004,0.057,0.939,6904291
0.043,0.542,0.415,6921642
0.139,0.302,0.559,7136057
0.11,0.223,0.667,6920815
0.171,0.344,0.485,6861757
0.549,0.308,0.143,6934222
0.052,0.317,0.631,6946448
0.055,0.236,0.709,6890569
0.035,0.284,0.681,6884477
0.008,0.068,0.924,7145006
0.008,0.06,0.932,6893718
0.041,0.105,0.854,6893330
0.025,0.156,0.819,6901780
0.091,0.347,0.562,6815738
0.004,0.033,0.963,6917209
0.006,0.019,0.975,6904227
0.002,0.038,0.96,6894402
0.011,0.156,0.833,7146083
0.022,0.084,0.894,6902153
0.089,0.318,0.593,6925988
0.0,0.001,0.999,6881323
0.096,0.061,0.843,6937405
0.136,0.361,0.503,7098390
0.313,0.317,0.37,6935942
0.077,0.435,0.488,6833510
0.049,0.141,0.81,6812857
0.115,0.23,0.655,6828441
0.124,0.356,0.52,6915711
0.142,0.403,0.455,6880643
0.061,0.458,0.481,7224930
0.012,0.132,0.856,6852614
0.028,0.189,0.783,6853816
0.385,0.316,0.299,6811964
0.005,0.058,0.937,6847800
0.41,0.25,0.34,6859897
0.04,0.218,0.742,6882929
0.034,0.133,0.833,7157584
0.002,0.006,0.992,6863444
0.039,0.161,0.8,6836902
0.064,0.575,0.361,6918960
0.032,0.537,0.431,6882854
0.005,0.036,0.959,6822755
0.097,0.307,0.596,6815184
0.026,0.194,0.78,6846582
0.06,0.237,0.703,6940309
0.049,0.216,0.735,6924056
0.027,0.148,0.825,6824481
0.064,0.215,0.721,6839735
0.033,0.357,0.61,6900130
0.007,0.039,0.954,6946739
0.027,0.151,0.822,7144008
0.031,0.103,0.866,6863751
0.113,0.317,0.57,6820293
0.045,0.218,0.737,6818472
0.163,0.268,0.569,6832420
0.048,0.12,0.832,6879450
0.052,0.356,0.592,6943618
0.032,0.165,0.803,6883463
0.305,0.301,0.394,6834919
0.005,0.043,0.952,7505696
0.007,0.02,0.973,6903645
0.399,0.263,0.338,6831148
0.049,0.209,0.742,6828948
0.02,0.549,0.431,6878495
0.05,0.163,0.787,6924862
0.047,0.199,0.754,6887802
0.37,0.354,0.276,6903228
0.001,0.019,0.98,6947415
0.325,0.373,0.302,6941508
0.046,0.338,0.616,6856111
0.069,0.312,0.619,7126808
0.009,0.055,0.936,6939857
0.133,0.27,0.597,6822528
0.187,0.388,0.425,6947631
0.025,0.252,0.723,6887810
0.03,0.123,0.847,6849210
0.003,0.036,0.961,6901742
0.261,0.395,0.344,6850925
0.146,0.291,0.563,7181995
0.0,0.02,0.98,6841559
0.015,0.105,0.88,6822957
0.029,0.082,0.889,6943349
0.008,0.013,0.979,6923825
0.315,0.335,0.35,6871218
0.5,0.44,0.06,6932761
0.031,0.219,0.75,7168983
0.165,0.398,0.437,6853713
0.064,0.266,0.67,6814124
0.015,0.271,0.714,6828980
0.012,0.046,0.942,6939747
0.045,0.427,0.528,6862615
0.043,0.243,0.714,6911182
0.049,0.118,0.833,6947421
0.004,0.02,0.976,7163662
0.145,0.299,0.556,6933362
0.133,0.329,0.538,6822086
0.007,0.053,0.94,6939543
0.069,0.457,0.474,6882675
0.011,0.057,0.932,6925986
0.036,0.797,0.167,6927417
0.117,0.224,0.659,6824119
0.148,0.365,0.487,6923589
0.007,0.025,0.968,7205380
0.035,0.252,0.713,6904992
0.014,0.627,0.359,6857676
0.137,0.535,0.328,6942001
0.024,0.088,0.888,7187800
0.203,0.611,0.186,6877985
0.001,0.01,0.989,6821414
0.005,0.083,0.912,6864512
0.128,0.298,0.574,6827448
0.025,0.207,0.768,6908603
0.076,0.255,0.669,7229431
0.015,0.097,0.888,6887335
0.038,0.402,0.56,6882828
0.008,0.298,0.694,6899958
0.035,0.153,0.812,6824008
0.036,0.058,0.906,6903906
0.029,0.883,0.088,7115894
0.05,0.303,0.647,6941723
0.179,0.542,0.279,6839785
0.024,0.179,0.797,6886776
0.019,0.124,0.857,6916643
0.017,0.323,0.66,6913846
0.004,0.029,0.967,6890122
0.062,0.112,0.826,6835099
0.055,0.295,0.65,6945428
0.163,0.288,0.549,6887669
0.002,0.012,0.986,6935132
0.018,0.079,0.903,6857587
0.02,0.38,0.6,6935498
0.067,0.545,0.388,6947868
0.076,0.333,0.591,6850003
0.004,0.011,0.985,6852354
0.016,0.042,0.942,6919832
0.007,0.038,0.955,6812510
0.427,0.283,0.29,6896715
0.153,0.325,0.522,7227507
0.021,0.184,0.795,6887453
0.044,0.099,0.857,6921056
0.223,0.374,0.403,6932635
0.006,0.058,0.936,6893393
0.086,0.316,0.598,6940659
0.001,0.01,0.989,6891517
0.086,0.252,0.662,6818991
0.153,0.33,0.517,6899307
0.023,0.131,0.846,7175517
0.015,0.108,0.877,6895415
0.031,0.267,0.702,6945124
0.114,0.429,0.457,6878796
0.018,0.347,0.635,6901435
0.246,0.309,0.445,7098987
0.212,0.383,0.405,6868925
0.229,0.383,0.388,6862452
0.014,0.066,0.92,6904865
0.036,0.238,0.726,6872445
0.072,0.181,0.747,6816856
0.001,0.096,0.903,6910410
0.08,0.403,0.517,6847518
0.023,0.13,0.847,6860992
0.053,0.318,0.629,7093387
0.014,0.074,0.912,6891540
0.012,0.034,0.954,6928645
0.066,0.217,0.717,6874105
0.185,0.339,0.476,6819576
0.001,0.017,0.982,6817538
0.41,0.249,0.341,6819741
0.238,0.422,0.34,6878626
0.036,0.259,0.705,6901210
0.016,0.235,0.749,6888879
0.037,0.406,0.557,6888947
0.011,0.053,0.936,6883374
0.013,0.118,0.869,6836031
0.006,0.029,0.965,6851387
0.106,0.332,0.562,6907149
0.172,0.352,0.476,6882595
0.063,0.182,0.755,6816916
0.006,0.023,0.971,6878470
0.035,0.197,0.768,6865752
0.238,0.342,0.42,7217321
0.058,0.256,0.686,6944366
0.124,0.378,0.498,6918425
0.053,0.243,0.704,6821736
0.028,0.756,0.216,6936271
0.12,0.33,0.55,6874179
0.004,0.022,0.974,7135281
0.19,0.091,0.719,6942663
0.23,0.394,0.376,6903026
0.014,0.16,0.826,6824421
0.008,0.047,0.945,6820128
0.089,0.313,0.598,6850604
0.057,0.134,0.809,7120955
0.041,0.292,0.667,6847409
0.017,0.081,0.902,7056210
0.009,0.052,0.939,6939935
0.061,0.304,0.635,6844699
0.125,0.314,0.561,6833246
0.118,0.559,0.323,6845220
0.137,0.733,0.13,6824273
0.231,0.403,0.366,6873326
0.038,0.165,0.797,6941227
0.022,0.115,0.863,6899355
0.166,0.318,0.516,6880235
0.046,0.346,0.608,6850018
0.056,0.732,0.212,6818489
0.025,0.15,0.825,7159592
0.098,0.302,0.6,7200711
0.063,0.251,0.686,6842278
0.043,0.255,0.702,6829488
0.028,0.062,0.91,6916976
0.01,0.055,0.935,6863573
0.006,0.017,0.977,6900303
0.1,0.337,0.563,6830686
0.15,0.438,0.412,7088285
0.128,0.413,0.459,6875119
0.007,0.035,0.958,6852969
0.024,0.067,0.909,6834964
0.047,0.314,0.639,6888066
0.044,0.185,0.771,6862580
0.139,0.408,0.453,6902903
0.047,0.195,0.758,6940227
0.018,0.022,0.96,7094978
0.057,0.185,0.758,6849775
0.023,0.473,0.504,6852514
0.167,0.459,0.374,6908752
0.053,0.503,0.444,6926813
0.08,0.292,0.628,6867168
0.033,0.17,0.797,6916938
0.576,0.242,0.182,7217282
0.674,0.124,0.202,6830318
0.078,0.178,0.744,6841129
0.101,0.377,0.522,6933898
0.008,0.042,0.95,6852224
0.098,0.481,0.421,6855108
0.054,0.27,0.676,6857681
0.0,0.021,0.979,7167282
0.004,0.037,0.959,6939214
0.084,0.313,0.603,6922283
0.008,0.043,0.949,6859605
0.023,0.184,0.793,6904148
0.052,0.369,0.579,6882954
0.028,0.271,0.701,6939093
0.03,0.176,0.794,6831383
0.018,0.039,0.943,6894471
0.083,0.404,0.513,6931008
0.039,0.152,0.809,6838588
0.013,0.057,0.93,6851730
0.018,0.198,0.784,6911988
0.073,0.303,0.624,6814325
0.095,0.353,0.552,6838809
0.159,0.353,0.488,6822777
0.158,0.369,0.473,6887378
0.001,0.072,0.927,6913098
0.2,0.506,0.294,6936520
0.098,0.234,0.668,6837850
0.03,0.324,0.646,6918818
0.001,0.015,0.984,6897497
0.057,0.291,0.652,6936577
0.134,0.523,0.343,6826594
0.024,0.196,0.78,6865047
0.047,0.534,0.419,6823879
0.964,0.025,0.011,6914868
0.001,0.013,0.986,6863654
0.165,0.289,0.546,6907061
0.025,0.178,0.797,7180725
0.03,0.147,0.823,7205244
0.023,0.036,0.941,6856962
0.004,0.078,0.918,6885323
0.537,0.238,0.225,6912379
0.012,0.122,0.866,6858148
0.076,0.351,0.573,6814582
0.05,0.309,0.641,6940703
0.047,0.298,0.655,7181144
0.077,0.253,0.67,6825868
0.052,0.292,0.656,6889020
0.002,0.007,0.991,6869287
0.062,0.383,0.555,6871054
0.073,0.268,0.659,6870018
0.044,0.271,0.685,6895217
0.064,0.135,0.801,6855875
0.055,0.379,0.566,7185369
0.251,0.238,0.511,6848724
0.051,0.44,0.509,6912010
0.15,0.376,0.474,6911483
0.071,0.266,0.663,6826557
0.048,0.235,0.717,6893666
0.034,0.149,0.817,6946801
0.03,0.079,0.891,6871189
0.198,0.653,0.149,6844700
0.025,0.13,0.845,6832474
0.04,0.181,0.779,6922129
0.04,0.21,0.75,6941269
0.012,0.078,0.91,6850111
0.003,0.078,0.919,6871721
0.005,0.016,0.979,6834277
0.006,0.081,0.913,6815020
0.103,0.522,0.375,6839790
0.007,0.027,0.966,6929149
0.126,0.354,0.52,6832299
0.07,0.299,0.631,6908265
0.042,0.275,0.683,6819513
0.014,0.189,0.797,6922046
0.019,0.177,0.804,6911700
0.178,0.383,0.439,7132375
0.126,0.348,0.526,6826330
0.071,0.612,0.317,6892358
0.189,0.42,0.391,6844735
0.014,0.059,0.927,6830282
0.007,0.025,0.968,6831883
0.137,0.321,0.542,6861551
0.004,0.044,0.952,6857472
0.116,0.35,0.534,6844170
0.084,0.281,0.635,6870992
0.066,0.183,0.751,6824420
0.014,0.119,0.867,6842673
0.407,0.373,0.22,6870166
0.017,0.114,0.869,6923521
0.153,0.302,0.545,6923067
0.095,0.644,0.261,7102369
0.013,0.101,0.886,6918324
0.022,0.193,0.785,6875753
0.093,0.445,0.462,6858106
0.015,0.219,0.766,6945544
0.001,0.012,0.987,6843762
0.025,0.139,0.836,6916249
0.15,0.318,0.532,6881283
0.014,0.063,0.923,6905410
0.085,0.202,0.713,6892408
0.03,0.532,0.438,6930990
0.035,0.093,0.872,6835400
0.034,0.147,0.819,6867680
0.017,0.124,0.859,6910555
0.13,0.273,0.597,7178838
0.075,0.287,0.638,6925050
0.272,0.264,0.464,6831230
0.297,0.305,0.398,6884393
0.047,0.169,0.784,6850763
0.018,0.024,0.958,6835259
0.032,0.112,0.856,6878793
0.04,0.119,0.841,6843709
0.006,0.068,0.926,6880861
0.144,0.389,0.467,6927246
0.113,0.359,0.528,6884364
0.041,0.255,0.704,6932934
0.255,0.436,0.309,6943694
0.029,0.108,0.863,6831730
0.122,0.621,0.257,6844928
0.011,0.046,0.943,6885511
0.149,0.37,0.481,6844807
0.004,0.059,0.937,6817080
0.012,0.157,0.831,6851413
0.015,0.15,0.835,6918623
0.086,0.559,0.355,6932080
0.001,0.005,0.994,7117345
0.0,0.023,0.977,6821425
0.126,0.334,0.54,6924403
0.059,0.197,0.744,6854123
0.109,0.231,0.66,6852889
0.049,0.265,0.686,6866387
0.058,0.197,0.745,6858128
0.079,0.53,0.391,6905129
0.048,0.283,0.669,6932035
0.187,0.442,0.371,6884265
0.115,0.237,0.648,6936966
0.026,0.05,0.924,6881098
0.009,0.189,0.802,6869941
0.038,0.154,0.808,6864713
0.01,0.091,0.899,6905259
0.057,0.511,0.432,6889865
0.132,0.327,0.541,6870562
0.051,0.221,0.728,7124351
0.003,0.021,0.976,6857644
0.334,0.34,0.326,6891045
0.06,0.393,0.547,6929039
0.0,0.017,0.983,6916229
0.489,0.261,0.25,6833556
0.088,0.251,0.661,6838951
0.166,0.213,0.621,6868487
0.01,0.027,0.963,6869690
0.075,0.292,0.633,6864005
0.062,0.208,0.73,6923234
0.055,0.19,0.755,6827182
0.114,0.216,0.67,7146069
0.004,0.017,0.979,6890503
0.017,0.297,0.686,6911066
0.172,0.183,0.645,6876163
0.032,0.472,0.496,6920433
0.194,0.376,0.43,6826987
0.123,0.291,0.586,6831058
0.025,0.103,0.872,6944184
0.121,0.299,0.58,6868480
0.003,0.017,0.98,7097198
0.018,0.029,0.953,6914595
0.053,0.324,0.623,6879535
0.022,0.11,0.868,6900971
0.107,0.23,0.663,6878555
0.042,0.398,0.56,6839324
0.005,0.016,0.979,6819925
0.095,0.355,0.55,6839386
0.123,0.414,0.463,6825584
0.077,0.241,0.682,7201758
0.055,0.291,0.654,6864463
0.017,0.08,0.903,6815348
0.102,0.288,0.61,6820756
0.034,0.125,0.841,6858699
0.007,0.005,0.988,6843115
0.002,0.008,0.99,6850824
0.099,0.239,0.662,6937635
0.118,0.283,0.599,6828911
0.015,0.146,0.839,7154618
0.142,0.378,0.48,6939143
0.007,0.115,0.878,6823169
0.017,0.286,0.697,6924844
0.141,0.299,0.56,6815925
0.017,0.051,0.932,6947389
0.245,0.259,0.496,7203267
0.099,0.289,0.612,6825953
0.055,0.421,0.524,6833542
0.003,0.033,0.964,6854302
0.011,0.071,0.918,6843122
0.037,0.197,0.766,6851851
0.208,0.571,0.221,6879971
0.001,0.009,0.99,7136227
0.004,0.135,0.861,6925138
0.021,0.227,0.752,6875050
0.138,0.296,0.566,6935199
0.07,0.357,0.573,6848027
0.343,0.383,0.274,6904795
0.075,0.276,0.649,6818781
0.152,0.416,0.432,6871081
0.03,0.219,0.751,6888945
0.053,0.177,0.77,6925993
0.217,0.335,0.448,6928183
0.0,0.008,0.992,6847449
0.043,0.458,0.499,6857762
0.085,0.334,0.581,6942172
0.049,0.23,0.721,6916747
0.192,0.315,0.493,6813002
0.0,0.0,1.0,6923932
0.009,0.077,0.914,6939669
0.09,0.427,0.483,6854566
0.18,0.548,0.272,6909019
0.0,0.002,0.998,6869921
0.069,0.366,0.565,6864519
0.026,0.268,0.706,6849438
0.16,0.393,0.447,6916590
0.108,0.204,0.688,6947299
0.013,0.03,0.957,7152604
0.361,0.281,0.358,6894914
0.004,0.033,0.963,6914502
0.4,0.309,0.291,6820113
0.011,0.099,0.89,6924106
0.24,0.248,0.512,6840817
0.082,0.187,0.731,6913090
0.069,0.32,0.611,6934517
0.02,0.023,0.957,7152770
0.172,0.432,0.396,6868529
0.001,0.01,0.989,6836709
0.045,0.195,0.76,6868506
0.067,0.313,0.62,6941712
0.039,0.341,0.62,6932760
0.113,0.3,0.587,6850191
0.093,0.666,0.241,6878745
0.133,0.349,0.518,7094259
0.221,0.199,0.58,6831807
0.003,0.033,0.964,6891698
0.165,0.499,0.336,6923465
0.039,0.154,0.807,6899213
0.0,0.003,0.997,6923804
0.051,0.163,0.786,6918979
0.008,0.351,0.641,6862421
0.028,0.184,0.788,6900993
0.021,0.515,0.464,6861580
0.012,0.069,0.919,6906474
0.168,0.485,0.347,6847010
0.023,0.119,0.858,6817985
0.072,0.551,0.377,6879738
0.027,0.198,0.775,7169995
0.033,0.289,0.678,6901359
0.023,0.194,0.783,6837382
0.161,0.446,0.393,6874250
0.017,0.063,0.92,6886924
0.03,0.143,0.827,6894687
0.351,0.235,0.414,6937873
0.085,0.293,0.622,6852900
0.063,0.369,0.568,6929432
0.043,0.228,0.729,6844489
0.132,0.478,0.39,6844561
0.039,0.308,0.653,6933747
0.031,0.197,0.772,6940885
0.185,0.495,0.32,6873782
0.052,0.553,0.395,6882375
0.151,0.262,0.587,6878769
0.187,0.313,0.5,6827016
0.223,0.274,0.503,6820773
0.028,0.206,0.766,6921124
0.231,0.342,0.427,6817935
0.011,0.05,0.939,7144533
0.044,0.097,0.859,6813648
0.228,0.374,0.398,6834670
0.093,0.291,0.616,6878185
0.179,0.39,0.431,6923378
0.075,0.306,0.619,6932252
0.001,0.012,0.987,6857065
0.092,0.337,0.571,7169899
0.0,0.012,0.988,6887074
0.037,0.269,0.694,6849463
0.041,0.179,0.78,6934153
0.042,0.193,0.765,7116464
0.032,0.077,0.891,6897412
0.055,0.503,0.442,6925887
0.071,0.362,0.567,6848650
0.122,0.334,0.544,6818453
0.027,0.197,0.776,6943153
0.446,0.252,0.302,6946348
0.044,0.338,0.618,6878770
0.0,0.015,0.985,6827664
0.087,0.266,0.647,6922984
0.055,0.272,0.673,6864544
0.026,0.171,0.803,6931437
0.037,0.174,0.789,7171071
0.042,0.709,0.249,6908215
0.131,0.344,0.525,6813875
0.055,0.553,0.392,6845221
0.04,0.295,0.665,6900902
0.049,0.26,0.691,6925197
0.001,0.008,0.991,6850783
0.146,0.323,0.531,6869002
0.028,0.244,0.728,7172791
0.024,0.114,0.862,6936176
0.362,0.309,0.329,6839462
0.029,0.26,0.711,6828651
0.105,0.31,0.585,6912630
0.088,0.253,0.659,6925870
0.053,0.442,0.505,6823876
0.07,0.313,0.617,6932538
0.014,0.016,0.97,6905724
0.0,0.008,0.992,6872564
0.019,0.221,0.76,6821027
0.285,0.165,0.55,6943747
0.005,0.02,0.975,7150854
0.053,0.21,0.737,7140107
0.042,0.407,0.551,6925056
0.084,0.258,0.658,6908834
0.008,0.019,0.973,6841620
0.11,0.532,0.358,6927175
0.034,0.071,0.895,6911333
0.087,0.307,0.606,6936227
0.08,0.369,0.551,6935640
0.063,0.244,0.693,6901738
0.571,0.231,0.198,6849053
0.361,0.286,0.353,6879561
0.036,0.251,0.713,7166280
0.025,0.096,0.879,6889409
0.0,0.008,0.992,6898181
0.024,0.099,0.877,6881507
0.001,0.016,0.983,6895263
0.029,0.158,0.813,6830090
0.076,0.483,0.441,7215380
0.025,0.069,0.906,6817698
0.356,0.42,0.224,6906566
0.011,0.037,0.952,6894990
0.096,0.686,0.218,6873889
0.056,0.31,0.634,6879553
0.615,0.223,0.162,6878327
0.073,0.496,0.431,6907502
0.188,0.363,0.449,6913646
0.024,0.14,0.836,7300745
0.177,0.34,0.483,6839638
0.128,0.67,0.202,6856873
0.07,0.333,0.597,6855357
0.005,0.03,0.965,6899979
0.098,0.082,0.82,6908433
0.001,0.02,0.979,6907408
0.045,0.708,0.247,7170775
0.008,0.032,0.96,6894035
0.001,0.021,0.978,6847457
0.006,0.026,0.968,6846258
0.536,0.272,0.192,6833602
0.248,0.348,0.404,7113888
0.222,0.447,0.331,6896850
0.0,0.005,0.995,6874757
0.032,0.328,0.64,6818474
0.035,0.259,0.706,6902137
0.081,0.325,0.594,6870798
0.167,0.32,0.513,7127496
0.164,0.312,0.524,6902192
0.275,0.072,0.653,6881324
0.013,0.028,0.959,6928837
0.119,0.701,0.18,6882452
0.013,0.083,0.904,6828286
0.06,0.315,0.625,7126963
0.001,0.022,0.977,6862928
0.245,0.334,0.421,6822277
0.074,0.303,0.623,6889752
0.06,0.246,0.694,6861415
0.207,0.422,0.371,6812868
0.124,0.59,0.286,6937889
0.047,0.144,0.809,6935346
0.025,0.193,0.782,7282611
0.14,0.274,0.586,6936347
0.043,0.31,0.647,6824954
0.051,0.337,0.612,6892538
0.009,0.01,0.981,6928786
0.27,0.51,0.22,7164678
0.026,0.077,0.897,6889908
0.46,0.313,0.227,6913892
0.191,0.451,0.358,6837599
0.008,0.084,0.908,6925955
0.158,0.472,0.37,6833907
0.008,0.037,0.955,6874618
0.111,0.452,0.437,6877202
0.0,0.016,0.984,6928643
0.004,0.027,0.969,6904977
0.006,0.048,0.946,6890725
0.042,0.214,0.744,6821381
0.085,0.397,0.518,6876184
0.023,0.105,0.872,6900571
0.0,0.001,0.999,6885274
0.172,0.429,0.399,6839484
0.0,0.085,0.915,6940393
0.044,0.253,0.703,6947646
0.042,0.192,0.766,7171492
0.02,0.177,0.803,6929184
0.056,0.21,0.734,6890360
0.096,0.405,0.499,6857523
0.12,0.287,0.593,6913381
0.145,0.191,0.664,6849511
0.04,0.166,0.794,6877504
0.012,0.082,0.906,7140050
0.038,0.232,0.73,6821705
0.578,0.253,0.169,6828363
0.148,0.333,0.519,6834416
0.05,0.466,0.484,6930248
0.029,0.182,0.789,6859894
0.006,0.031,0.963,6812012
0.013,0.023,0.964,7163323
0.245,0.524,0.231,6842540
0.112,0.315,0.573,6868726
0.052,0.356,0.592,6941446
0.001,0.15,0.849,6870488
0.258,0.33,0.412,6839242
0.021,0.11,0.869,7218255
0.01,0.025,0.965,6934549
0.003,0.012,0.985,6889895
0.053,0.132,0.815,6825020
0.231,0.432,0.337,6894947
0.024,0.078,0.898,7140525
0.004,0.032,0.964,6911993
0.071,0.349,0.58,6824037
0.048,0.209,0.743,6882446
0.003,0.04,0.957,6902447
0.006,0.04,0.954,6931156
0.267,0.179,0.554,6857795
0.005,0.026,0.969,6831494
0.034,0.104,0.862,6853601
0.077,0.356,0.567,7098382
0.103,0.379,0.518,6896764
0.008,0.041,0.951,6852315
0.089,0.313,0.598,6879859
0.018,0.124,0.858,6823182
0.272,0.405,0.323,7186095
0.005,0.011,0.984,6888297
0.119,0.33,0.551,6862915
0.021,0.138,0.841,6876292
0.012,0.041,0.947,7125390
0.074,0.236,0.69,6894003
0.046,0.306,0.648,6882334
0.013,0.054,0.933,6902258
0.0,0.005,0.995,7202985
0.078,0.479,0.443,6854703
0.053,0.213,0.734,6867192
0.0,0.01,0.99,6891539
0.2,0.103,0.697,6944423
0.012,0.111,0.877,6828554
0.063,0.738,0.199,6909152
0.001,0.013,0.986,6916377
0.034,0.121,0.845,6927731
0.018,0.446,0.536,7207035
0.024,0.115,0.861,6823232
0.11,0.595,0.295,6920352
0.189,0.386,0.425,6927006
0.003,0.017,0.98,6882569
0.036,0.148,0.816,6930250
0.003,0.006,0.991,6874927
0.015,0.152,0.833,6819605
0.018,0.178,0.804,6919792
0.043,0.574,0.383,6865137
0.053,0.312,0.635,7129277
0.0,0.01,0.99,6812483
0.044,0.382,0.574,6939010
0.007,0.114,0.879,6946483
0.049,0.139,0.812,6861585
0.005,0.044,0.951,6939744
0.178,0.344,0.478,6892611
0.472,0.287,0.241,6830977
0.004,0.012,0.984,7128814
0.053,0.207,0.74,6923434
0.045,0.199,0.756,6942315
0.412,0.412,0.176,6948509
0.038,0.183,0.779,6890231
0.016,0.139,0.845,6912207
0.043,0.289,0.668,6838584
0.073,0.168,0.759,6847995
0.015,0.199,0.786,6917463
0.0,0.004,0.996,6903844
0.088,0.396,0.516,7157390
0.01,0.06,0.93,6855342
0.228,0.364,0.408,6835231
0.002,0.024,0.974,6862121
0.062,0.502,0.436,6945521
0.051,0.332,0.617,6867420
0.025,0.294,0.681,6905101
0.108,0.363,0.529,6818496
0.013,0.129,0.858,6918925
0.228,0.409,0.363,7123427
0.084,0.337,0.579,6814336
0.01,0.125,0.865,6911832
0.047,0.241,0.712,6947977
0.017,0.051,0.932,6835357
0.045,0.286,0.669,6893083
0.001,0.009,0.99,6869401
0.032,0.191,0.777,6936872
0.013,0.047,0.94,6943363
0.04,0.167,0.793,6814666
0.104,0.472,0.424,6831228
0.043,0.196,0.761,6930325
0.059,0.165,0.776,7135468
0.051,0.657,0.292,6935649
0.077,0.221,0.702,6842816
0.011,0.048,0.941,6836648
0.149,0.348,0.503,6843370
0.019,0.176,0.805,6829452
0.03,0.114,0.856,6814410
0.036,0.093,0.871,6861393
0.044,0.288,0.668,6947636
0.012,0.051,0.937,6884926
0.1,0.321,0.579,6948404
0.164,0.446,0.39,6879094
0.112,0.331,0.557,6887261
0.063,0.372,0.565,6926944
0.075,0.259,0.666,6839343
0.017,0.071,0.912,6897753
0.038,0.2,0.762,6831379
0.04,0.414,0.546,6836705
0.03,0.222,0.748,6844690
0.001,0.005,0.994,6828230
0.101,0.3,0.599,6830259
0.023,0.641,0.336,6932110
0.486,0.234,0.28,6855525
0.017,0.061,0.922,6912282
0.035,0.337,0.628,6887875
0.0,0.01,0.99,6897869
0.042,0.47,0.488,6833923
0.038,0.159,0.803,6938496
0.013,0.051,0.936,6906448
0.083,0.382,0.535,6920599
0.041,0.094,0.865,6931933
0.092,0.401,0.507,7141703
0.1,0.356,0.544,6856601
0.122,0.493,0.385,6861629
0.016,0.219,0.765,6871574
0.047,0.176,0.777,6813724
0.029,0.092,0.879,6881040
0.041,0.252,0.707,6849238
0.202,0.258,0.54,6874203
0.039,0.246,0.715,6872301
0.006,0.039,0.955,6926122
0.043,0.221,0.736,6939969
0.033,0.573,0.394,6825814
0.023,0.077,0.9,7186170
0.067,0.614,0.319,6825880
0.124,0.434,0.442,6884791
0.012,0.009,0.979,6821357
0.582,0.313,0.105,6878281
0.085,0.345,0.57,6826274
0.388,0.053,0.559,6893401
0.005,0.02,0.975,6916446
0.01,0.071,0.919,6866042
0.022,0.226,0.752,6875316
0.031,0.126,0.843,7127588
0.02,0.086,0.894,6858014
0.328,0.319,0.353,6941487
0.62,0.167,0.213,6843123
0.027,0.168,0.805,6876888
0.163,0.145,0.692,6934688
0.041,0.249,0.71,6820861
0.026,0.135,0.839,6843755
0.051,0.164,0.785,6944973
0.033,0.813,0.154,6881747
0.029,0.205,0.766,6813603
0.033,0.198,0.769,6828988
0.024,0.168,0.808,6821920
0.443,0.379,0.178,7127604
0.094,0.528,0.378,6938542
0.047,0.171,0.782,6837880
0.086,0.336,0.578,6852092
0.01,0.064,0.926,6910395
0.074,0.266,0.66,6932175
0.113,0.347,0.54,6849066
0.166,0.28,0.554,6863912
0.053,0.297,0.65,6902673
0.004,0.112,0.884,6916858
0.1,0.311,0.589,6948262
0.419,0.409,0.172,6894002
0.009,0.102,0.889,6885322
0.046,0.166,0.788,7221273
0.035,0.132,0.833,6831285
0.006,0.034,0.96,6916257
0.029,0.196,0.775,6936285
0.001,0.015,0.984,6841694
0.065,0.476,0.459,6824601
0.021,0.051,0.928,6836071
0.022,0.188,0.79,6904669
0.106,0.599,0.295,6878834
0.53,0.223,0.247,6816237
0.022,0.061,0.917,6834249
0.017,0.121,0.862,6902274
0.211,0.316,0.473,6827266
0.1,0.267,0.633,6874541
0.084,0.341,0.575,6871159
0.143,0.479,0.378,7227127
0.045,0.247,0.708,6910909
0.051,0.163,0.786,6936374
0.009,0.048,0.943,6818024
0.031,0.316,0.653,6886456
0.099,0.606,0.295,6892989
0.02,0.21,0.77,6933005
0.085,0.362,0.553,7099456
0.007,0.041,0.952,6819978
0.279,0.34,0.381,6891067
0.009,0.041,0.95,6890293
0.109,0.218,0.673,7227285
0.23,0.312,0.458,6832830
0.009,0.062,0.929,6841520
0.028,0.145,0.827,6910275
0.224,0.448,0.328,6937683
0.007,0.039,0.954,6933270
0.018,0.108,0.874,6812476
0.015,0.455,0.53,6882897
0.459,0.232,0.309,7113595
0.001,0.01,0.989,6903675
0.022,0.065,0.913,6926060
0.155,0.263,0.582,6853481
0.11,0.332,0.558,6912261
0.417,0.381,0.202,6844889
0.063,0.04,0.897,6869643
0.303,0.365,0.332,6906668
0.105,0.35,0.545,6831616
0.042,0.102,0.856,6906696
0.004,0.3,0.696,6862562
0.171,0.35,0.479,6826894
0.061,0.227,0.712,6845318
0.229,0.387,0.384,7106077
0.102,0.426,0.472,6934267
0.0,0.032,0.968,6863883
0.136,0.31,0.554,6942369
0.244,0.405,0.351,6840714
0.041,0.19,0.769,6829415
0.09,0.386,0.524,7229517
0.144,0.328,0.528,6859082
0.001,0.014,0.985,6903792
0.027,0.381,0.592,6829472
0.086,0.358,0.556,6928067
0.189,0.196,0.615,6858490
0.085,0.44,0.475,6815949
0.009,0.068,0.923,6940975
0.024,0.109,0.867,6902125
0.03,0.476,0.494,6820904
0.002,0.031,0.967,6940010
0.009,0.061,0.93,6905757
0.225,0.589,0.186,6849644
0.075,0.326,0.599,6852373
0.001,0.014,0.985,6903570
0.026,0.263,0.711,6815833
0.26,0.332,0.408,6849835
0.06,0.293,0.647,6838944
0.122,0.281,0.597,6857371
0.047,0.258,0.695,6867550
0.081,0.309,0.61,6833786
0.02,0.134,0.846,6876864
0.011,0.177,0.812,6875810
0.169,0.319,0.512,6938881
0.086,0.256,0.658,6839439
0.09,0.256,0.654,6897335
0.023,0.133,0.844,6818845
0.017,0.15,0.833,6830806
0.002,0.015,0.983,6939414
0.035,0.138,0.827,6900342
0.014,0.041,0.945,6872713
0.26,0.337,0.403,7150184
0.082,0.629,0.289,6862349
0.001,0.006,0.993,6914491
0.46,0.278,0.262,6881492
0.133,0.337,0.53,6838079
0.305,0.375,0.32,6913891
0.04,0.116,0.844,6814517
0.048,0.147,0.805,6927681
0.048,0.447,0.505,6910611
