high,medium,low,listing_id
0.0784449426876,0.476868337885,0.444686719427,7142618
0.0810969012873,0.174415395785,0.744487702928,7210040
0.0314139109338,0.167848713406,0.80073737566,7103890
0.0400053370667,0.318783227627,0.641211435307,7143442
0.0345989737635,0.199793724508,0.765607301728,6860601
0.00288076399127,0.0215056780117,0.975613557997,6840081
0.0352780822118,0.288760173066,0.675961744722,6922337
0.0208973834357,0.474111077827,0.504991538737,6913616
0.0630779080114,0.39292289447,0.543999197518,6937820
0.0304003227942,0.300528507424,0.669071169782,6893933
0.00816110151696,0.0335624592571,0.958276439226,6832604
0.0431360956259,0.233598361783,0.723265542591,6915282
0.118648262744,0.556668087881,0.324683649374,7127565
0.00184804087174,0.0277017839855,0.970450175143,6827899
0.000623918647332,0.0127211701324,0.98665491122,6934855
0.00717652439102,0.177617834216,0.815205641393,6861826
0.0677747690622,0.443448356174,0.488776874764,6871643
0.000814880222038,0.0208931996706,0.978291920107,6842542
0.0100565383899,0.0739159545132,0.916027507097,6934145
0.142498399554,0.396889929983,0.460611670463,6829365
0.0347643681771,0.214695567871,0.750540063952,7167858
0.00378333295759,0.0429521538552,0.953264513187,6859483
0.0516632974572,0.188851359117,0.759485343426,6861377
0.0618779503242,0.252345500857,0.685776548819,6848960
0.0014455831474,0.0305929612752,0.967961455577,6918850
0.151504899068,0.641128422361,0.207366678571,6916867
0.0215685586997,0.184191094736,0.794240346564,6895840
0.632929759198,0.253133861427,0.113936379375,6813539
0.0347040581331,0.299214057851,0.666081884016,7116900
0.0043419357125,0.0164935052343,0.979164559053,6890328
0.108834906969,0.16478366703,0.726381426001,6879406
0.0458227695482,0.380204147244,0.573973083208,6824924
0.00594223341108,0.0253071429198,0.968750623669,6911302
0.210058082351,0.548265187357,0.241676730293,6918742
0.0126770491818,0.148914649779,0.838408301039,6910586
0.0244140352675,0.153503805379,0.822082159354,6821750
0.169504183947,0.480919012286,0.349576803768,6860647
0.0845412063658,0.684185443402,0.231273350233,6932873
0.00878931831716,0.07600928663,0.915201395053,6846053
0.0681028150108,0.253846250039,0.67805093495,6940365
0.0111534296316,0.191115785716,0.797730784652,6931867
0.0498753511227,0.0938731688748,0.856251480003,6876383
0.0478061832924,0.348920781202,0.603273035506,6910980
0.076900066336,0.167546405652,0.755553528012,6880877
0.361153143875,0.425795563565,0.21305129256,6839552
0.23515437735,0.552640870005,0.212204752645,6838051
0.418463528982,0.302812981753,0.278723489264,6928201
0.118575498888,0.455236421454,0.426188079658,6945608
0.0584372083053,0.219730917595,0.7218318741,6816147
0.0414736611821,0.284050776758,0.67447556206,6868129
0.033590067744,0.201974100366,0.76443583189,6849448
0.390117658211,0.503180276008,0.106702065781,7113677
0.00552561358994,0.097668126234,0.896806260176,6930856
0.176598945284,0.483289461218,0.340111593498,6889594
0.00918995263663,0.0673551989032,0.92345484846,6842682
0.221433838339,0.607164666962,0.171401494699,6880366
0.00484547965951,0.0148339756278,0.980320544713,6835063
0.304383665337,0.441555929715,0.254060404947,6820479
0.00488938162757,0.12613748273,0.868973135642,6882057
0.0801738810684,0.640192393036,0.279633725895,6834440
0.000158261802668,0.0025400629444,0.997301675253,6880846
0.00166952409268,0.0196260227791,0.978704453128,6847248
0.0051556319576,0.0364222428431,0.958422125199,6868368
0.00637141888737,0.0738164438465,0.919812137266,6943505
0.00378005927469,0.0190966108287,0.977123329897,7174304
0.0332396452172,0.217440314081,0.749320040701,6880747
0.084506545169,0.344085977179,0.571407477652,6933565
0.000658771273548,0.00426106409275,0.995080164634,6888511
0.115559578593,0.5407105727,0.343729848707,6942704
0.0251393186007,0.0973626951148,0.877497986284,6840304
0.00201396654549,0.18286934488,0.815116688575,6856860
0.000138968579263,0.00403599790111,0.99582503352,6884921
0.00146284905952,0.0185731919338,0.979963959007,6937417
0.002302610475,0.0122547171803,0.985442672345,6831129
0.0863060373777,0.386154890709,0.527539071914,6936660
0.0257178750091,0.166078485199,0.808203639791,6940667
0.000689234127764,0.00396210152363,0.995348664349,7201307
0.00403860575625,0.119893839905,0.876067554338,6825434
0.00338591679462,0.0127466058823,0.983867477323,6848114
0.537725439524,0.357238662499,0.105035897977,6947758
0.133526964896,0.394753334241,0.471719700863,6897002
0.000847209027608,0.0390306824086,0.960122108564,6926661
0.0664925099105,0.458565432497,0.474942057592,6867411
0.0246782714205,0.303391500982,0.671930227598,6910154
0.0825615420123,0.352431003804,0.565007454184,7157900
0.041098355865,0.327476246649,0.631425397486,6922324
0.000891530232869,0.0355328643325,0.963575605435,6863068
0.00341703918929,0.0309858254981,0.965597135313,6912109
0.100580584693,0.465907362079,0.433512053228,6918609
0.272016149526,0.478045532981,0.249938317494,6889300
0.0969755202295,0.405892079195,0.497132400576,6837794
0.331017563812,0.463684337751,0.205298098438,6943098
0.0820808047642,0.446811018922,0.471108176313,6927601
0.000540651014652,0.0113084804241,0.988150868561,6897826
0.00171614211638,0.0349687310159,0.963315126868,6882892
0.418922032521,0.440392027232,0.140685940247,6873384
0.00112966457365,0.00856894752107,0.990301387905,6934693
0.0272231387197,0.337273860008,0.635503001272,7224450
0.000633091472246,0.0103422872937,0.989024621234,6898157
0.0023721817865,0.03125144908,0.966376369134,6837355
0.101455358299,0.345435035584,0.553109606118,6830595
0.339646267711,0.40553064368,0.254823088609,6943561
0.289813512211,0.450646280079,0.25954020771,6844380
0.00666482747489,0.0760827455834,0.917252426942,6814286
0.221116750163,0.497985059473,0.280898190364,6898520
0.40363961959,0.455405654516,0.140954725894,6940979
0.0451707058202,0.0497588665397,0.90507042764,6851090
0.0132215707774,0.146771745707,0.840006683515,7107169
0.0551257049471,0.285381775482,0.65949251957,6830287
0.04199345472,0.225115652273,0.732890893007,6933575
0.144543451704,0.653254582183,0.202201966113,6938972
0.000128410163254,0.00397491749969,0.995896672337,6888315
0.0234755714221,0.215114358121,0.761410070457,6855106
0.173229532946,0.526139893001,0.300630574053,6838237
0.149800868156,0.291580624077,0.558618507768,6901024
0.00709426443287,0.0649404096865,0.927965325881,6846627
0.000166346871295,0.00627702550096,0.993556627628,7219857
0.0266439852725,0.191963251868,0.781392762859,6852685
0.0429709816805,0.556256907088,0.400772111231,6831610
0.0303969644601,0.219415048169,0.75018798737,6943538
0.000475422926156,0.00966022265202,0.989864354422,6911637
0.00730123104204,0.058075709925,0.934623059033,6854543
0.100603098973,0.520375449179,0.379021451848,6940451
0.133766138272,0.323027774179,0.54320608755,6819530
0.00992426314905,0.133599496719,0.856476240132,7093396
0.0181488778527,0.046453278212,0.935397843935,6840326
0.00743084743082,0.0620775854843,0.930491567085,6834204
0.125663577468,0.377232758545,0.497103663987,6902518
0.0204250096657,0.165084517423,0.814490472912,6930253
0.000198629833585,0.0200111273833,0.979790242783,6828293
0.954019897645,0.0379253180555,0.00805478429949,7203744
0.210172512112,0.212137524749,0.577689963139,6816478
0.0321524608392,0.280620173034,0.687227366127,6868890
0.0405988115711,0.522476791292,0.436924397137,6879338
0.0247250577158,0.207543188131,0.767731754154,6898532
0.00110540562122,0.0136296961263,0.985264898252,6899965
0.000285145503266,0.00210229906662,0.99761255543,7133875
0.0301597528639,0.248608313523,0.721231933613,6822218
0.103674443709,0.396732095546,0.499593460746,6814018
0.0623913008107,0.514976963301,0.422631735888,6896376
0.152990157459,0.614558190048,0.232451652493,6918670
0.00688879196455,0.0298426322605,0.963268575775,6867839
0.00190278466153,0.0332790379233,0.964818177415,6823554
0.00222060593801,0.0390653496193,0.958714044443,6934798
0.108818395751,0.537196240396,0.353985363854,6820823
0.0126629422121,0.114598458027,0.87273859976,6880212
0.00193898485888,0.0214440822735,0.976616932868,6934814
0.000834855726806,0.00289224529335,0.99627289898,7254134
0.293652694889,0.536418972338,0.169928332773,6938303
0.0339686701638,0.275367859542,0.690663470294,6813807
0.046112186446,0.0270365233662,0.926851290188,6878604
0.000197000629277,0.000441949138679,0.999361050232,6876763
0.00152765440899,0.0295462965032,0.968926049088,6844352
0.165550001509,0.487426039896,0.347023958595,6915939
0.0474277439225,0.298380543663,0.654191712414,7109370
0.0185075226228,0.186488241869,0.795004235508,6855445
0.0234065514047,0.199102367483,0.777491081113,6818668
0.000624110444928,0.00599194059538,0.99338394896,6836527
0.00827261519247,0.162595040355,0.829132344453,6831717
0.0481588288913,0.277791526432,0.674049644677,6937162
0.00499136289145,0.0664112393467,0.928597397762,6922876
0.0985951968886,0.462261566442,0.43914323667,7109482
0.0493655154112,0.355825279293,0.594809205296,6940972
0.0545144863812,0.313216993397,0.632268520222,6883790
0.0356096582542,0.264891781579,0.699498560167,6921643
0.00132198510013,0.0238980878494,0.974779927051,6935700
0.00840273762728,0.107563365788,0.884033896585,6827025
0.00840205673012,0.062100232961,0.929497710309,6943096
0.00192432710179,0.010612614504,0.987463058394,7161468
0.00246486188968,0.0405872901324,0.956947847978,6879610
0.0745474826562,0.443432483851,0.482020033493,6935762
0.0255926010978,0.177261452612,0.79714594629,6925042
0.0167290732601,0.341151070225,0.642119856515,7121050
0.00382486557703,0.013770461491,0.982404672932,6821601
0.00191501131486,0.0352379334818,0.962847055203,6926810
0.00459451373164,0.0995899812434,0.895815505025,6946532
0.0299352719733,0.379268006575,0.590796721452,6875171
0.049070043179,0.318491214139,0.632438742682,7096285
0.00181097260789,0.0137106457574,0.984478381635,6812321
0.0936952994663,0.123795703766,0.782508996768,6822697
0.0110402299877,0.175416935965,0.813542834047,6941294
0.00286434145867,0.0147030077781,0.982432650763,6873564
0.0357491826401,0.466003947368,0.498246869991,6926791
0.463175544817,0.439460630392,0.0973638247905,7142444
0.121367986785,0.697552971582,0.181079041633,6878128
0.0141339502593,0.286962033346,0.698904016395,6927428
0.00143556624941,0.00327260871592,0.995291825035,6812674
0.107364443911,0.633969019482,0.258666536606,6881774
0.00353781715517,0.0281111882078,0.968350994637,7167797
0.0824011884659,0.507416336943,0.410182474591,6865238
0.0470134178631,0.287303135114,0.665683447023,6841710
0.00482368064268,0.0436200789545,0.951556240403,6856334
0.00178426739251,0.0499856538747,0.948230078733,6906462
0.0557593115601,0.269811589339,0.674429099101,6837438
0.398228702305,0.43271737117,0.169053926524,6908277
0.0023727624531,0.020361141978,0.977266095569,6841291
0.103117318288,0.364854605165,0.532028076547,6915178
0.136276588757,0.586753832263,0.27696957898,6893031
0.22701979991,0.689609319739,0.083370880351,6894985
0.0496935351124,0.130365681504,0.819940783384,6931134
0.189995253681,0.51993453553,0.29007021079,6872264
0.150577852909,0.641066781178,0.208355365913,6816953
0.155354212031,0.649338864206,0.195306923763,7163518
0.0121059016098,0.195818754868,0.792075343522,6893253
0.0454756668538,0.113775494599,0.840748838547,6943822
0.012642580828,0.205711171061,0.781646248111,6946313
0.0293085159289,0.12772271791,0.842968766161,6839443
0.0328517894268,0.30598750412,0.661160706453,6911338
0.77813674485,0.163242859948,0.0586203952019,7223877
0.0160548235264,0.359174595947,0.624770580527,6917884
0.000988569020873,0.012944628338,0.986066802641,6823126
0.0305499704843,0.137597081467,0.831852948049,6939488
0.00292483055785,0.0221842297083,0.974890939734,7196924
0.000528809237809,0.00545393548177,0.99401725528,6905685
0.00033575506583,0.00717925911841,0.992484985816,6894092
0.000979524496499,0.0117889307423,0.987231544761,6812181
0.0275349754293,0.376840127633,0.595624896937,6854610
0.13408330248,0.434868148728,0.431048548793,6873754
0.957884206438,0.0335184584609,0.00859733510075,6859181
0.00258641951889,0.0562874187974,0.941126161684,6825402
0.00589295244237,0.142417654631,0.851689392926,6819526
0.00359299624914,0.0786260785917,0.917780925159,6896065
0.0268391877575,0.322169519287,0.650991292956,6931793
0.0219667041613,0.206877267172,0.771156028667,6907360
0.0336455889958,0.0870637502296,0.879290660775,6813182
0.000935441160453,0.020267982217,0.978796576623,6823959
0.261005847066,0.503452683058,0.235541469876,6942189
0.0547467982953,0.312485635171,0.632767566533,6844384
0.296770836142,0.480904581146,0.222324582712,6836888
0.0141053944804,0.137294616768,0.848599988752,6917844
0.180290626808,0.676682598605,0.143026774587,6937842
0.0273972099338,0.383723488158,0.588879301909,6926917
0.0575189322989,0.305304296205,0.637176771496,7160740
0.0220775272346,0.323777926467,0.654144546298,6936310
0.223957236793,0.449672981256,0.326369781951,6849109
0.000346637625345,0.00386115514496,0.99579220723,6831018
0.00114122351705,0.0419887257162,0.956870050767,6909842
0.00162916571009,0.0345949746567,0.963775859633,6861360
0.0370277313324,0.217640352352,0.745331916315,6883414
0.029627888492,0.169293076873,0.801079034635,6876026
0.000448903336773,0.00524223649011,0.994308860173,7095390
0.430793102175,0.487594172199,0.0816127256265,6932265
0.0202219243031,0.253409976573,0.726368099123,6870949
0.0444277752339,0.255394552895,0.700177671872,6831335
0.124802597284,0.448558510866,0.42663889185,6895698
0.104603173697,0.35306328378,0.542333542523,6889889
0.00979318626248,0.0914575536429,0.898749260095,6876679
0.167535009816,0.420271810251,0.412193179933,6947097
0.00323783622809,0.0315191343823,0.96524302939,6874970
0.400766570595,0.473757830933,0.125475598472,6831069
0.0363879613515,0.294760317582,0.668851721067,6833628
0.0323078967741,0.33681707952,0.630875023706,6819282
0.0135553336758,0.143738016225,0.842706650099,6825025
0.073813990115,0.33307630522,0.593109704665,6856513
0.000175558373871,0.00350592274132,0.996318518885,6928711
0.0759649369342,0.45544108018,0.468593982886,6832548
0.00981143039542,0.244938890404,0.745249679201,6881870
0.381601028625,0.464068619367,0.154330352007,6866978
0.175530869711,0.621361042618,0.20310808767,7163400
0.0694781024073,0.137097971683,0.79342392591,6917187
0.0454570838638,0.288203070721,0.666339845416,6927475
0.190130731294,0.235479271548,0.574389997158,6903243
0.0169915818177,0.155323632982,0.8276847852,6876188
0.00224332698566,0.0515216143807,0.946235058634,6922219
0.00355646398627,0.0161526996793,0.980290836334,7104085
0.130231143791,0.809825377321,0.0599434788882,6920897
0.00170102373995,0.010096368451,0.988202607809,6812177
0.0713466704008,0.514066448054,0.414586881545,6941047
0.00094547368052,0.00863078145797,0.990423744862,6827609
0.000828420285751,0.0146589002,0.984512679514,6934328
0.496771734345,0.344892225582,0.158336040073,6937556
0.2152728064,0.6070483251,0.1776788685,6879765
0.00440601092708,0.0630716778532,0.93252231122,6942927
0.0910494528778,0.462281044693,0.446669502429,6945170
0.0181410128013,0.18336642777,0.798492559428,6901915
0.00203735161001,0.0232759146236,0.974686733766,6824475
0.012329422438,0.194090059408,0.793580518154,6832968
0.00116750807119,0.00794641375257,0.990886078176,7166718
0.00655254980206,0.114483067679,0.878964382519,6905079
0.395853093029,0.574256551319,0.0298903556521,6940297
0.0396039157459,0.541743279674,0.41865280458,6911080
0.00255429073379,0.0192642005201,0.978181508746,6917208
0.0410277714938,0.279189959213,0.679782269293,6858925
0.279020040502,0.504750917283,0.216229042215,7169883
0.198925930894,0.778616130365,0.0224579387411,6944112
0.0329497838898,0.249345013555,0.717705202555,6885816
0.0159669399748,0.207029434958,0.777003625067,6837733
0.0265181576091,0.31493444132,0.658547401071,6828658
0.20000532894,0.454364628208,0.345630042851,6839429
0.00542044059329,0.0333379093938,0.961241650013,7164794
0.0684312867989,0.306735239412,0.624833473789,6837661
0.00253436514883,0.0617114410303,0.935754193821,6883255
0.0153813700227,0.101218695596,0.883399934381,6833054
0.0380275861757,0.00495120466753,0.957021209157,7675463
0.0814810475718,0.297990715964,0.620528236465,6871526
0.0238368589624,0.184724517868,0.79143862317,6876295
0.000837685395977,0.0250332248666,0.974129089737,7204045
0.0318784236726,0.363336435965,0.604785140363,6840357
0.000362113041467,0.00310424536821,0.99653364159,6917531
0.811861299735,0.182934239682,0.00520446058247,6886057
0.0306462058686,0.50132776386,0.468026030271,6833734
0.122530717172,0.537950209968,0.33951907286,6908098
0.0397261832507,0.299864936392,0.660408880357,6860562
0.332230400326,0.619076260932,0.0486933387425,6859167
0.000552806332129,0.00698827812243,0.992458915545,6812141
0.00228696677711,0.0676898586319,0.930023174591,6919431
0.0293520332613,0.498371021465,0.472276945274,6869389
0.00947241188331,0.140948555086,0.849579033031,6906034
0.00136595319513,0.0101957811328,0.988438265672,7108495
0.000755307610617,0.0155095253893,0.983735167,6864681
0.00439286211045,0.116347508232,0.879259629657,6893982
0.026113484261,0.245940913983,0.727945601756,6862160
0.0301190341927,0.341693060979,0.628187904828,6854804
0.0287452293724,0.460047463672,0.511207306956,7143164
0.0223364894412,0.113741466219,0.86392204434,6936651
0.0229839549507,0.13875073252,0.838265312529,6837450
0.964052527612,0.0353518317607,0.000595640627401,6908259
0.0291908340583,0.22205482306,0.748754342882,6916539
0.137311180721,0.306037838545,0.556650980734,6947176
0.547370437565,0.349278897817,0.103350664618,6933958
0.143662108388,0.585066527683,0.271271363928,6816549
0.00242750035223,0.0459875111563,0.951584988492,6876117
0.051694341432,0.391984970731,0.556320687837,6848605
0.0791400297216,0.331323248166,0.589536722113,6840659
0.205440508904,0.359042443062,0.435517048033,6823496
0.000249007121399,0.00425256459448,0.995498428284,6912609
0.0200857263558,0.0943845209519,0.885529752692,7097937
0.0225688386502,0.227625325825,0.749805835525,6924524
0.119275229032,0.444175094039,0.43654967693,6938236
0.00301838608602,0.0220518491369,0.974929764777,6865751
0.017235358462,0.130398820323,0.852365821215,6936323
0.118092282146,0.351491102707,0.530416615147,6868422
0.0289496446452,0.213049296206,0.758001059149,7210133
0.0123319909319,0.123028514584,0.864639494484,7215631
0.0144316513175,0.205824612536,0.779743736147,6940189
0.000449663250757,0.0186504209734,0.980899915776,6888941
0.116725792586,0.347501090987,0.535773116427,6831598
0.00257365273481,0.0374453187972,0.959981028468,6939963
0.191744724109,0.521830421782,0.286424854109,6897175
0.0316535779649,0.249867511417,0.718478910618,6816167
0.0275965590981,0.217326388638,0.755077052264,6812965
0.323477438406,0.565080222123,0.111442339472,7149372
0.00648643830849,0.0337383732251,0.959775188466,6875959
0.10344213808,0.671901895953,0.224655965968,6925644
0.14616743777,0.677925899809,0.175906662422,6874269
0.00296092637881,0.0248943091955,0.972144764426,6814721
0.0290750595514,0.291475296039,0.67944964441,6922432
0.0102660854008,0.0826781554958,0.907055759103,6858861
0.0026266760969,0.00913596677877,0.988237357124,6835339
0.510179722939,0.427308752122,0.0625115249397,6896997
0.000984302626306,0.00736815433028,0.991647543043,6921134
0.191731405988,0.656629291787,0.151639302225,6883685
0.000696116989276,0.00566334082215,0.993640542189,6911406
0.686749577156,0.20206236595,0.111188056894,6825733
0.251411110049,0.548625349774,0.199963540177,6884462
0.00647801635516,0.0711318787882,0.922390104857,6858682
0.15346837749,0.489867042695,0.356664579815,6894013
0.303560837734,0.366305376648,0.330133785618,6856391
0.000908813184297,0.0129588333683,0.986132353447,6828064
2.21755851636e-05,0.00217699440198,0.997800830013,6817336
0.050244996583,0.342065441601,0.607689561816,6819178
0.137761675611,0.373226307349,0.489012017041,7147339
0.177777657038,0.630197712197,0.192024630764,6887757
0.0679439651305,0.483099705626,0.448956329244,6946859
0.0084911405864,0.015439504341,0.976069355073,6855963
0.170735550694,0.508897155547,0.320367293758,6839828
0.0476345644457,0.338198887201,0.614166548354,6870806
0.195676852321,0.286575793633,0.517747354046,6880221
0.0442611083279,0.337894274401,0.617844617271,6921809
0.0983880941314,0.406041778012,0.495570127856,6897069
0.389976016975,0.462105126694,0.147918856331,6897157
0.0143364662688,0.180465802526,0.805197731205,6898912
0.0230626186241,0.213370543316,0.76356683806,6856271
0.000394295221671,0.00385891349013,0.995746791288,6888381
0.0127106787622,0.0553411435331,0.931948177705,7099191
0.226752026153,0.590991050015,0.182256923832,6917882
3.5939642471e-05,0.00145336038093,0.998510699977,6931260
0.0854469796846,0.309233140494,0.605319879822,6849996
0.0629992176023,0.495063260574,0.441937521824,6887973
0.153673734986,0.518142127724,0.32818413729,6850205
0.00838873663729,0.578074341566,0.413536921797,6845657
0.0218497444253,0.189583211108,0.788567044467,6930302
0.00763885219764,0.0160894893733,0.976271658429,6852391
0.20299256336,0.175944422109,0.621063014531,6920411
0.0128109526571,0.17726704811,0.809921999233,6907999
0.0111298786998,0.100867533984,0.888002587316,6864094
0.0289771035241,0.0856471551809,0.885375741295,6813852
0.185326388382,0.439498702472,0.375174909147,7232295
0.0792365239694,0.427718548344,0.493044927686,6896558
0.0511597776145,0.227259360199,0.721580862187,6858919
0.0172301541124,0.125853427822,0.856916418066,6847828
0.043046728103,0.382431271194,0.574522000703,6925116
0.00831961158205,0.0382987517105,0.953381636707,6854687
0.115451458683,0.643304214372,0.241244326945,6946415
0.000118764979517,0.00211087049484,0.997770364526,6827859
0.417948588719,0.481781277658,0.100270133623,6884313
0.00440438661958,0.0340424284855,0.961553184895,6848651
0.0176026206566,0.210980042601,0.771417336742,7136298
0.0691800049571,0.3753301625,0.555489832543,6874534
0.56090344059,0.393150406139,0.0459461532707,6908942
0.00305889023474,0.0410277710407,0.955913338725,6894718
0.0851864479281,0.22793741603,0.686876136042,6876449
0.056455393047,0.397031628205,0.546512978748,6825630
0.00295777951915,0.0626954178041,0.934346802677,7155655
0.00721999192755,0.0790025976802,0.913777410392,7201310
0.00122295069681,0.0474542731375,0.951322776166,6864334
0.00782314585492,0.109536981351,0.882639872794,6876658
0.162474228125,0.655470310058,0.182055461817,6842370
0.704393890058,0.18187282807,0.113733281872,6835467
0.0519654192456,0.391670677684,0.556363903071,7227368
0.0207469180944,0.253372900336,0.725880181569,6859482
0.00341193085446,0.0374858458806,0.959102223265,6878641
0.000197212910652,0.00167458936851,0.998128197721,6869916
0.0290383503959,0.28559329097,0.685368358634,6841060
0.0195575655985,0.181428100368,0.799014334033,6887832
0.000937043841481,0.0172362205372,0.981826735621,6905898
0.206157948358,0.63378109539,0.160060956251,7104742
0.0302507504765,0.343817902727,0.625931346796,6948090
0.223200926509,0.563636656826,0.213162416665,6839851
0.00379994653404,0.0633659886935,0.932834064772,6934051
0.186243685873,0.465984597785,0.347771716342,6888727
0.00689236442451,0.0953248909458,0.89778274463,7167478
0.258946027046,0.448923744217,0.292130228737,6892109
0.707370265353,0.210534537215,0.0820951974313,6908544
0.0614733913842,0.438251423681,0.500275184935,6921725
0.0711751507227,0.484216721467,0.44460812781,6932343
0.00263867175622,0.0185342853986,0.978827042845,6914309
0.0161599249374,0.07714905954,0.906691015523,6919805
0.0139802132349,0.202685844107,0.783333942658,6947828
0.0433236261349,0.222872920264,0.733803453601,6920362
0.908118638297,0.0779352326474,0.0139461290554,7110179
0.291685506749,0.423175372654,0.285139120597,6877834
0.113713715325,0.241128922777,0.645157361898,6876966
0.00428728630521,0.0324913503082,0.963221363387,6823918
0.000972430393882,0.0101576980157,0.98886987159,6871243
0.448747972682,0.364914082029,0.186337945289,6928189
0.123166825995,0.335482888559,0.541350285446,6852455
0.030101580287,0.2625361739,0.707362245813,7208631
0.173991216436,0.48018112398,0.345827659584,6831811
0.00163167046289,0.0220538509923,0.976314478545,6904276
0.0946097831403,0.168933509763,0.736456707096,6831589
0.112179768988,0.437550256605,0.450269974407,6901814
0.685900454302,0.144345340306,0.169754205392,6854667
0.00101571706483,0.0143057041674,0.984678578768,7192650
0.00150708512854,0.0120169120972,0.986476002774,6836299
0.00428914798413,0.0959301649367,0.899780687079,6887919
0.0554079412804,0.334227826676,0.610364232043,6927679
0.0448622536553,0.261625231195,0.69351251515,6855908
0.0100055552901,0.102275784258,0.887718660451,6854766
0.0210384384005,0.110895320549,0.86806624105,6847472
0.0935021172539,0.254906994301,0.651590888445,6862519
0.34774961698,0.39267433053,0.25957605249,6938819
0.144791172203,0.432484345938,0.422724481859,6945434
0.762506556167,0.108053359415,0.129440084418,6832722
0.00413815247795,0.084892796234,0.910969051288,6852707
0.0147395014892,0.254710881745,0.730549616766,7177680
0.0152556342284,0.029892199113,0.954852166659,6834945
0.00260210673329,0.0280810103389,0.969316882928,6890316
0.00138967214175,0.0217013741726,0.976908953686,6816620
0.0085569689528,0.118804183711,0.872638847336,6945175
0.00553218890306,0.105506769561,0.888961041536,6914016
0.0289617243498,0.175229861913,0.795808413737,6852619
0.121728959252,0.349887750222,0.528383290526,6813211
0.00523635936276,0.0756532778139,0.919110362823,6820546
0.00490052574389,0.0192388350757,0.97586063918,6836128
0.147490096295,0.550837234832,0.301672668873,6850557
0.480020147103,0.269847703588,0.250132149309,6864997
0.0102240842304,0.0771586115416,0.912617304228,6883705
0.0066426610398,0.0793329369337,0.914024402026,6898767
0.0153820355295,0.138582276447,0.846035688024,6866020
0.518795230289,0.407301477614,0.0739032920963,7126382
0.0705522531444,0.740481543876,0.18896620298,6847427
0.0152029950891,0.17435855377,0.81043845114,6841013
0.000699944234709,0.00644070291326,0.992859352852,6909469
0.0109946197288,0.140960867682,0.848044512589,6922473
0.0459897084826,0.309486422369,0.644523869148,6925906
0.0447777411867,0.501723790458,0.453498468355,6946014
0.0151538852359,0.353637423086,0.631208691678,6820739
0.347207444625,0.451330770756,0.201461784619,6927559
0.000280454308558,0.00485368266081,0.994865863031,7174772
0.0151100243273,0.236552124705,0.748337850968,6931036
0.00944365380012,0.100675442761,0.889880903439,6918163
0.158678480617,0.477881496392,0.363440022991,6893604
0.0889070585353,0.614595640129,0.296497301335,6868844
0.551707937206,0.338725985015,0.109566077778,6814537
0.00407338675226,0.0214991101866,0.974427503061,6916118
0.0664164209787,0.370518989796,0.563064589225,6838509
0.234128538468,0.471211056921,0.294660404611,6919725
0.00121988186421,0.00825094600499,0.990529172131,6932476
0.106065201889,0.319726568652,0.574208229459,6860496
0.0879473444526,0.52777289088,0.384279764668,7156799
0.0314954973916,0.189029293313,0.779475209295,6837521
0.0741397673769,0.464250559209,0.461609673414,6913204
0.0560633479374,0.363955748823,0.57998090324,6947516
0.00777002451443,0.123941493956,0.86828848153,6838117
0.012895151215,0.304096741022,0.683008107763,6933366
0.0263213864625,0.225846804407,0.74783180913,7134198
0.00831189299631,0.200498989986,0.791189117018,6898450
0.00289504080374,0.0266153779268,0.970489581269,6819926
0.0284939859249,0.240003100505,0.73150291357,6947698
0.000642882188194,0.00231060061025,0.997046517202,6838721
0.207044242903,0.411237024463,0.381718732634,6936661
0.0396810491836,0.312377455357,0.647941495459,6912257
0.00335148913756,0.040818741157,0.955829769705,6905569
0.175403751749,0.536992843356,0.287603404895,6927167
0.013915386441,0.0510873546024,0.934997258957,7150689
0.019679009051,0.237935044504,0.742385946445,6820358
0.0779028609418,0.729547743038,0.19254939602,6945045
0.0407004345615,0.187941776295,0.771357789144,6866884
0.110862735758,0.391352671764,0.497784592478,6820658
0.0386486551302,0.475757971741,0.485593373129,6826462
0.0922364359238,0.345125634459,0.562637929618,6932390
0.244427701169,0.686161686421,0.0694106124101,6905031
0.0141184693432,0.120056493269,0.865825037388,6923011
0.327535983711,0.44555944983,0.226904566459,6908504
0.0947255052957,0.117106289835,0.788168204869,6881050
0.00796785690206,0.0982556931646,0.893776449933,6892968
0.018697018551,0.0241137852214,0.957189196228,7346996
0.018707218553,0.200919973271,0.780372808176,6876206
0.0348229555894,0.213551519042,0.751625525368,6813475
0.00535740417375,0.0161517246415,0.978490871185,7190057
0.128009870476,0.322645813763,0.549344315761,6838465
0.04835698691,0.275260254749,0.676382758341,6899364
0.000294818519224,0.00403358240059,0.99567159908,6891616
0.00304176003384,0.0425685082824,0.954389731684,6836715
0.0116127397315,0.260490084929,0.72789717534,6829616
0.0332588682363,0.250415540903,0.71632559086,6829144
0.0133967539716,0.161699088934,0.824904157095,6893064
0.00346549988773,0.0644198465128,0.932114653599,6861300
0.156609928728,0.523754778354,0.319635292918,6926847
0.00128530335951,0.0174257222077,0.981288974433,6894021
0.00609110803623,0.0295809286424,0.964327963321,6897946
0.00243174848677,0.0389434782683,0.958624773245,6835716
0.527545200323,0.377673175457,0.09478162422,6832160
0.112641120015,0.414817570728,0.472541309258,6835291
0.00103668180608,0.0483054261219,0.950657892072,6945184
0.134727236598,0.432515612931,0.432757150471,7140488
0.0299285778128,0.461870255502,0.508201166685,6937850
0.00678721351873,0.133867410362,0.859345376119,6899603
0.213516205858,0.57089800199,0.215585792152,6903105
0.017852254426,0.148863513276,0.833284232298,6828476
0.00925158843823,0.0458567647532,0.944891646809,6835098
0.0569335072327,0.170288950856,0.772777541912,6830512
0.0595672361834,0.282618316823,0.657814446994,6879997
0.0379930712262,0.511870434136,0.450136494638,7131517
0.243609693171,0.54798584343,0.208404463399,6835955
0.02513904993,0.184572729923,0.790288220147,6875250
0.150864362195,0.465485056591,0.383650581214,6932794
0.0457471102854,0.43920660852,0.515046281195,6948263
0.32258756166,0.488305916742,0.189106521598,6867201
0.00452275212635,0.00492683820165,0.990550409672,6882748
0.0807340593822,0.788930559619,0.130335380999,6902842
0.0134260959968,0.36244277177,0.624131132233,6847535
0.0063335096095,0.102646516476,0.891019973915,6825267
0.000230886894949,0.00793689624862,0.991832216856,6909277
0.243591637419,0.576130179835,0.180278182746,7152429
0.00178658633819,0.0229639030528,0.975249510609,6931179
0.0762700016658,0.305356694098,0.618373304236,6896746
0.00182325705474,0.0332534617638,0.964923281181,6937073
0.000136448697475,0.00415839139777,0.995705159905,6934627
0.0978563093327,0.561457554836,0.340686135831,6887878
0.0305661891865,0.311248515074,0.65818529574,6921531
0.00215868440249,0.0120502133471,0.98579110225,6897461
0.0447946967511,0.276463739572,0.678741563677,6862066
0.0511848946118,0.401315747492,0.547499357896,6851531
0.00191875797321,0.0252159327552,0.972865309272,6928550
0.0234058708333,0.219123775711,0.757470353456,6945851
0.000482187574893,0.00366624209022,0.995851570335,6946955
0.0295075719843,0.87092751444,0.0995649135761,6869136
0.0326425018408,0.172301300219,0.79505619794,6908667
0.0144229168226,0.171153063839,0.814424019338,6820525
0.0832765936111,0.574266273879,0.34245713251,6887970
0.0179404111927,0.110170906922,0.871888681886,6848365
0.0169560545819,0.107624348365,0.875419597053,6816173
0.000349518161175,0.00409761564964,0.995552866189,6900732
0.0314719265299,0.227973979078,0.740554094393,6815786
0.190466143283,0.416772500721,0.392761355995,6945972
0.00894607599215,0.0862385919464,0.904815332061,6848445
0.105172730316,0.561968068826,0.332859200858,6856486
0.0107587045296,0.264703725065,0.724537570406,6867010
0.0223465676857,0.0343090967777,0.943344335537,6828257
0.0123532105917,0.154196068563,0.833450720845,6871807
3.20448820366e-05,0.000877153978597,0.999090801139,7212966
0.000283502462112,0.00549872049657,0.994217777041,6889959
0.00769033391336,0.079265199301,0.913044466786,6915510
0.00296619211724,0.100511488056,0.896522319826,6905402
0.0321581789697,0.427804165907,0.540037655123,6826100
0.00629958078319,0.0641312489776,0.929569170239,6848893
0.305514964155,0.317949702008,0.376535333836,7155647
0.190636243544,0.647707823888,0.161655932568,6812883
0.00272613319321,0.0544181709716,0.942855695835,6866095
0.000304899154021,0.00415728769551,0.99553781315,6931127
0.00185215280485,0.025864436503,0.972283410692,6829407
0.241977032577,0.611373434126,0.146649533297,6867548
0.191328333534,0.424814668134,0.383856998332,7132575
0.0337549597793,0.134791701562,0.831453338658,6890847
0.0148577920817,0.020214366009,0.964927841909,6916429
0.8924369327,0.0962844558313,0.0112786114688,6884716
0.569463286928,0.35871728612,0.0718194269519,6896897
0.0262307812481,0.14949558623,0.824273632522,6941572
0.0827550847885,0.390372448147,0.526872467064,6945277
0.00240519775718,0.0334357456617,0.964159056581,7133293
0.000339025984098,0.00427262658992,0.995388347426,7213385
0.0372880064167,0.318071841567,0.644640152017,6831928
0.00475004540025,0.0869846532875,0.908265301312,6932687
0.0124845474872,0.110954615907,0.876560836605,6873877
0.204746922279,0.51364933106,0.281603746661,7135459
0.00476636600866,0.0412494497588,0.953984184233,6876620
0.00238129686382,0.059356076777,0.938262626359,6936163
0.0579472540745,0.293311195784,0.648741550142,6912398
0.000937573045584,0.0101903245753,0.988872102379,6917655
0.00454977314157,0.0352396605413,0.960210566317,6941149
0.0191691079512,0.197425051857,0.783405840191,6941378
0.0149327237412,0.144953915379,0.84011336088,6882453
0.0497678263781,0.324279392035,0.625952781587,7119160
0.045390452993,0.397370061511,0.557239485496,6868451
0.00757200890492,0.168933930371,0.823494060724,6945881
5.10341869302e-05,0.00187334238914,0.998075623424,6822541
0.139935352287,0.38149276594,0.478571881773,6884355
0.0477997831728,0.355493405039,0.596706811788,7132247
0.0703304520827,0.419950120898,0.50971942702,6872049
0.00730532920109,0.0850821894482,0.907612481351,6890740
0.257504432599,0.34478293361,0.397712633791,6840897
0.0141701554054,0.138477042855,0.84735280174,6847694
0.00893974125938,0.148279563825,0.842780694915,6938196
0.00974787988406,0.0672212063172,0.923030913799,6939526
0.00115144844625,0.00803139041876,0.990817161135,6917529
0.00720806966829,0.0534910201415,0.93930091019,6885636
0.000278069926432,0.00385621839786,0.995865711676,7202614
0.0573239886533,0.494594204274,0.448081807072,6926453
0.152565181365,0.526086192969,0.321348625666,6844636
0.655528801292,0.24676960268,0.0977015960279,6879293
0.285218745175,0.422754552399,0.292026702426,6924780
0.00562480042606,0.0224236832251,0.971951516349,6881024
0.156195488054,0.411207588594,0.432596923352,6851374
0.00345106772249,0.0243250207449,0.972223911533,6850953
0.00381957329022,0.0720072415297,0.92417318518,6892292
0.001780687641,0.0546166428757,0.943602669483,6886159
0.0484448860779,0.552705871241,0.398849242681,6849877
0.0235204307337,0.0615996275522,0.914879941714,6940840
0.046566914033,0.476580119095,0.476852966872,6926838
0.465689975328,0.448888996495,0.0854210281769,6879243
0.00458485246853,0.0203193226725,0.975095824859,6944286
0.276385350649,0.508842035364,0.214772613987,6915587
0.134385399716,0.3238914086,0.541723191684,6881904
0.0750438892086,0.479601298311,0.44535481248,7154358
0.0145060907841,0.120945565627,0.864548343589,6899258
0.320064762676,0.379799991661,0.300135245663,6855460
0.0191281206184,0.127411877444,0.853460001938,6864884
0.0877926786253,0.512082103381,0.400125217993,6868209
0.0548710331792,0.242134033448,0.702994933373,6853834
0.013918634867,0.275692937251,0.710388427882,7210020
0.0208848487969,0.179248675889,0.799866475314,6933228
0.0612217343736,0.250310431628,0.688467833998,6929227
0.0345274581691,0.160522271699,0.804950270131,7192346
0.00202385237311,0.068839259951,0.929136887676,6928834
0.000688176669279,0.0108254256901,0.988486397641,6812269
0.02899598459,0.203488043893,0.767515971517,6851446
0.00144297736923,0.0452667171104,0.95329030552,6930820
0.0431523829791,0.169903910949,0.786943706072,6875310
0.00711568747501,0.119923267929,0.872961044596,6932397
0.00177541928621,0.041987166781,0.956237413933,6904291
0.0985707607117,0.576541139062,0.324888100227,6921642
0.0780551947379,0.325038570803,0.596906234459,7136057
0.019666533105,0.101687868414,0.878645598481,6920815
0.423923469727,0.438356712586,0.137719817687,6861757
0.359957966106,0.470295817954,0.169746215939,6934222
0.0463673600881,0.0791241006966,0.874508539215,6946448
0.173344042963,0.322206609973,0.504449347064,6890569
0.0339140153838,0.544374226676,0.42171175794,6884477
0.000603420628627,0.0202039799777,0.979192599394,7145006
0.00312363839813,0.0378003778357,0.959075983766,6893718
0.0124349632783,0.0277119933187,0.959853043403,6893330
0.00101388666756,0.0117657647649,0.987220348568,6901780
0.0661207116236,0.595359327843,0.338519960533,6815738
0.00453169651872,0.0288296775741,0.966638625907,6917209
0.00241048682432,0.0297368786328,0.967852634543,6904227
0.000285480976702,0.00214120778878,0.997573311235,6894402
0.0165870830972,0.179633576571,0.803779340332,7146083
0.00479829622339,0.0676057494738,0.927595954303,6902153
0.0802243296424,0.422679674009,0.497095996349,6925988
0.000165938089086,0.00155905950336,0.998275002408,6881323
0.10784314809,0.0559523327465,0.836204519163,6937405
0.151932585814,0.490219915418,0.357847498768,7098390
0.188664212398,0.597278102062,0.21405768554,6935942
0.0632135794507,0.367353682913,0.569432737636,6833510
0.0338546325309,0.189063332001,0.777082035468,6812857
0.118936576477,0.311367681354,0.569695742169,6828441
0.102910000104,0.346120759354,0.550969240542,6915711
0.318229850883,0.496496314816,0.185273834301,6880643
0.0417279972996,0.333600254184,0.624671748516,7224930
0.00145815063545,0.0345635648422,0.963978284522,6852614
0.00667603268268,0.0886818074607,0.904642159857,6853816
0.798730373403,0.103044144728,0.0982254818697,6811964
0.00164195538026,0.0215320202903,0.976826024329,6847800
0.229214228018,0.427101862269,0.343683909713,6859897
0.00485205155606,0.0673224723185,0.927825476125,6882929
0.00971364789568,0.0618262370627,0.928460115042,7157584
0.00506460143787,0.0231514247486,0.971783973814,6863444
0.0116794756539,0.0782270126465,0.9100935117,6836902
0.109734162242,0.451709981125,0.438555856633,6918960
0.0448107603532,0.334620912164,0.620568327483,6882854
0.000202684962821,0.0036773212978,0.996119993739,6822755
0.0718011563063,0.760526230256,0.167672613438,6815184
0.00963909599974,0.0921539318994,0.898206972101,6846582
0.00356380673613,0.0703491731295,0.926087020134,6940309
0.00287390529258,0.094956273352,0.902169821355,6924056
0.00137517552277,0.0613934277731,0.937231396704,6824481
0.00407227793321,0.0533897819214,0.942537940145,6839735
0.0296066684047,0.315076006211,0.655317325385,6900130
0.00147210098282,0.0187261463943,0.979801752623,6946739
0.0172936525475,0.18113431402,0.801572033432,7144008
0.0053908984394,0.0353302097588,0.959278891802,6863751
0.0675228747789,0.335678935494,0.596798189727,6820293
0.00501576876405,0.183905043333,0.811079187903,6818472
0.0760637599091,0.263428861103,0.660507378988,6832420
0.00122845521279,0.00575818557975,0.993013359207,6879450
0.0268206884225,0.294144350789,0.679034960788,6943618
0.0146611529003,0.111451090635,0.873887756465,6883463
0.284094534236,0.394326948597,0.321578517167,6834919
0.000405816124368,0.00159647419108,0.997997709685,7505696
0.00209600359105,0.0202445432403,0.977659453169,6903645
0.259123845452,0.461494769681,0.279381384867,6831148
0.0447472393239,0.211397143523,0.743855617153,6828948
0.0325007185475,0.238162754741,0.729336526712,6878495
0.003039884762,0.060466803492,0.936493311746,6924862
0.00186218654809,0.0796667935618,0.91847101989,6887802
0.446276881391,0.334329856982,0.219393261627,6903228
0.000122628689839,0.00384226185975,0.99603510945,6947415
0.327379478118,0.478546347669,0.194074174214,6941508
0.0270152103604,0.284021211669,0.688963577971,6856111
0.00495914252026,0.182701767917,0.812339089563,7126808
0.00127810342257,0.0538454240633,0.944876472514,6939857
0.191622054695,0.262033757522,0.546344187783,6822528
0.134224989818,0.413856150512,0.45191885967,6947631
